# ##################################################################################################### 
# Date: Mon Apr  9 17:55:18 2018 
# Input Parameters for this sequence 
#     DataFile: ../../Data/lab250.fit 
#     VMin: -150.0 
#     VMax:  150.0 
#     Divisions:  2 
#     Beats:  4 
#     NMax:  8 
#     Threshold:   0.10 
#     VWidth per Octave:   50.0 
#     Velocity Shift:     0 
#     Octave Shift: -1 
#     Mode: blues6_minor 
#     Select Mode: Ordered 
#     Sequence Mode: Amplitude 
#     NumTonic: -1 
#     Interp Velocity: False 
#     Duration Mode: Amplitude 
#        Rest Probability: 0.00 
# ##################################################################################################### 
Part  Measure     X        Y        Vlsr   GalacticRadius  Distance NoteStr   Note   Alter Octave Duration
  1     1      270.000    0.000       8.3       8.9           2.9        B      5     -1     2       1
  1     1      270.000    0.000      20.8       9.3           4.0        G      4      0     2       1
  1     1      270.000    0.000       0.0       8.6           2.0        C      0      0     3       1
  1     1      270.000    0.000      75.0      11.9           8.4        F      3      1     1       1
  1     1      270.000    0.000      70.8      11.6           8.0        G      4      0     1       1
  1     1      270.000    0.000      58.3      10.9           7.0        B      5     -1     1       1
  1     1      270.000    0.000      79.2      12.2           8.8        F      2      0     1       1
  1     1      270.000    0.000      50.0      10.5           6.3        C      0      0     2       1
  1     2      250.000    0.000      25.0       9.9           3.0        F      3      1     2       1
  1     2      250.000    0.000      20.8       9.7           2.7        G      4      0     2       1
  1     2      250.000    0.000      79.2      13.1           7.6        F      2      0     1       1
  1     2      250.000    0.000      75.0      12.8           7.1        F      3      1     1       1
  1     2      250.000    0.000      29.2      10.0           3.3        F      2      0     2       1
  1     2      250.000    0.000      70.8      12.4           6.8        G      4      0     1       1
  1     2      250.000    0.000       8.3       9.2           1.8        B      5     -1     2       1
  1     2      250.000    0.000      87.5      13.8           8.4        E      1     -1     1       1
  1     3      230.000    0.000      25.0      10.6           3.0        F      3      1     2       1
  1     3      230.000    0.000      50.0      12.5           5.3        C      0      0     2       1
  1     3      230.000    0.000      58.3      13.2           6.2        B      5     -1     1       1
  1     3      230.000    0.000      75.0      15.2           8.3        F      3      1     1       1
  1     3      230.000    0.000      29.2      10.8           3.3        F      2      0     2       1
  1     3      230.000    0.000      20.8      10.3           2.6        G      4      0     2       1
  1     3      230.000    0.000      70.8      14.6           7.7        G      4      0     1       1
  1     3      230.000    0.000      37.5      11.4           4.0        E      1     -1     2       1
  1     4      210.000    0.000      50.0      17.4           9.6        C      0      0     2       1
  1     4      210.000    0.000      37.5      14.5           6.7        E      1     -1     2       1
  1     4      210.000    0.000      29.2      13.1           5.2        F      2      0     2       1
  1     4      210.000    0.000      25.0      12.5           4.5        F      3      1     2       1
  1     4      210.000    0.000      20.8      11.9           3.9        G      4      0     2       1
  1     4      210.000    0.000       8.3      10.5           2.4        B      5     -1     2       1
  1     4      210.000    0.000      58.3      20.0          12.3        B      5     -1     1       1
  1     4      210.000    0.000      50.0      17.4           9.6        C      0      0     2       1
  1     5      190.000    0.000       8.3      19.2          10.9        B      5     -1     2       2
  1     5      190.000    0.000      20.8      52.7          44.4        G      4      0     2       2
  1     5      190.000    0.000       0.0      13.5           5.1        C      0      0     3       1
  1     5      190.000    0.000      25.0     126.1         117.8        F      3      1     2       1
  1     5      190.000    0.000       8.3      19.2          10.9        B      5     -1     2       2
  1     6      170.000    0.000     -12.5      11.6           3.2        E      1     -1     3       2
  1     6      170.000    0.000       0.0       6.4           0.0        C      0      0     3       1
  1     6      170.000    0.000     -20.8      16.0           7.7        F      2      0     3       1
  1     6      170.000    0.000     -25.0      19.8          11.5        F      3      1     3       1
  1     6      170.000    0.000       8.3       5.6           0.0        B      5     -1     2       1
  1     6      170.000    0.000     -29.2      25.9          17.6        G      4      0     3       1
  1     6      170.000    0.000     -12.5      11.6           3.2        E      1     -1     3       1
  1     7      150.000    0.000     -29.2      10.8           2.7        G      4      0     3       1
  1     7      150.000    0.000     -25.0      10.3           2.2        F      3      1     3       1
  1     7      150.000    0.000     -41.7      12.5           4.5        B      5     -1     3       1
  1     7      150.000    0.000     -50.0      13.9           6.0        C      0      0     4       1
  1     7      150.000    0.000       0.0       7.9           0.0        C      0      0     3       1
  1     7      150.000    0.000     -20.8       9.9           1.7        F      2      0     3       1
  1     7      150.000    0.000       8.3       7.4           0.0        B      5     -1     2       1
  1     7      150.000    0.000     -12.5       9.2           0.9        E      1     -1     3       1
  1     8      130.000    0.000     -41.7      10.6           3.0        B      5     -1     3       1
  1     8      130.000    0.000     -50.0      11.2           3.8        C      0      0     4       1
  1     8      130.000    0.000     -29.2       9.7           1.9        G      4      0     3       1
  1     8      130.000    0.000       0.0       8.3           0.0        C      0      0     3       1
  1     8      130.000    0.000     -62.5      12.3           5.1        E      1     -1     4       1
  1     8      130.000    0.000       8.3       7.9           0.0        B      5     -1     2       1
  1     8      130.000    0.000     -12.5       8.8           0.6        E      1     -1     3       1
  1     8      130.000    0.000     -79.2      14.3           7.3        G      4      0     4       1
  1     9      110.000    0.000     -41.7      10.1           3.4        B      5     -1     3       1
  1     9      110.000    0.000     -50.0      10.5           4.1        C      0      0     4       1
  1     9      110.000    0.000       0.0       8.2           0.3        C      0      0     3       1
  1     9      110.000    0.000       8.3       8.2           0.0        B      5     -1     2       1
  1     9      110.000    0.000     -29.2       9.4           2.3        G      4      0     3       1
  1     9      110.000    0.000     -91.7      13.7           8.3        B      5     -1     4       1
  1     9      110.000    0.000     -62.5      11.3           5.2        E      1     -1     4       1
  1     9      110.000    0.000     -75.0      12.2           6.5        F      3      1     4       1
  1    10       90.000    0.000       8.3       8.4           0.0        B      5     -1     2       1
  1    10       90.000    0.000     -41.7       9.9           5.3        B      5     -1     3       1
  1    10       90.000    0.000     -29.2       9.3           4.1        G      4      0     3       1
  1    10       90.000    0.000     -20.8       9.0           3.2        F      2      0     3       1
  1    10       90.000    0.000     -25.0       9.2           3.7        F      3      1     3       1
  1    10       90.000    0.000       0.0       8.4           0.0        C      0      0     3       1
  1    10       90.000    0.000     -50.0      10.3           6.0        C      0      0     4       1
  1    10       90.000    0.000     -12.5       8.7           2.2        E      1     -1     3       1
  1    11       70.000    0.000       8.3       7.9           3.8        B      5     -1     2       1
  1    11       70.000    0.000       0.0       8.2           0.5        C      0      0     3       1
  1    11       70.000    0.000      20.8       7.9           2.9        G      4      0     2       1
  1    11       70.000    0.000     -70.8      11.9          11.8        F      2      0     4       1
  1    11       70.000    0.000     -62.5      11.3          11.0        E      1     -1     4       1
  1    11       70.000    0.000     -75.0      12.2          12.2        F      3      1     4       1
  1    11       70.000    0.000     -12.5       8.7           6.6        E      1     -1     3       1
  1    11       70.000    0.000     -20.8       9.1           7.3        F      2      0     3       1
  1    12       50.000    0.000      58.3       6.4           5.4        B      5     -1     1       1
  1    12       50.000    0.000      50.0       6.5           4.5        C      0      0     2       1
  1    12       50.000    0.000      70.8       6.4           5.4        G      4      0     1       1
  1    12       50.000    0.000      20.8       7.4           1.7        G      4      0     2       1
  1    12       50.000    0.000      25.0       7.3           8.8        F      3      1     2       1
  1    12       50.000    0.000       8.3       7.9          10.0        B      5     -1     2       1
  1    12       50.000    0.000      29.2       7.1           8.5        F      2      0     2       1
  1    12       50.000    0.000      37.5       6.9           7.8        E      1     -1     2       1
  1    13       30.000    0.000     108.3       4.4           6.1        B      5     -1     0       1
  1    13       30.000    0.000     100.0       4.5           5.6        C      0      0     1       1
  1    13       30.000    0.000      29.2       7.1          13.1        F      2      0     2       1
  1    13       30.000    0.000      25.0       7.3          13.3        F      3      1     2       1
  1    13       30.000    0.000      79.2       5.0           4.6        F      2      0     1       1
  1    13       30.000    0.000      50.0       6.3          12.0        C      0      0     2       1
  1    13       30.000    0.000      87.5       4.8           5.0        E      1     -1     1       1
  1    13       30.000    0.000      75.0       5.6          10.9        F      3      1     1       1
  1    14       10.000    0.000       0.0       6.8          14.9        C      0      0     3       1
  1    14       10.000    0.000      20.8       5.5           2.9        G      4      0     2       1
  1    14       10.000    0.000      25.0       4.7          12.7        F      3      1     2       1
  1    14       10.000    0.000     -12.5       8.7          16.8        E      1     -1     3       1
  1    14       10.000    0.000      29.2       4.5          12.5        F      2      0     2       1
  1    14       10.000    0.000      37.5       4.1          12.1        E      1     -1     2       1
  1    14       10.000    0.000       8.3       5.9          14.0        B      5     -1     2       1
  1    14       10.000    0.000     -20.8      10.7          18.9        F      2      0     3       1
  1    15      350.000    0.000       0.0       6.4           2.0        C      0      0     3       1
  1    15      350.000    0.000       8.3       7.5           0.9        B      5     -1     2       1
  1    15      350.000    0.000     -12.5       6.3          14.4        E      1     -1     3       1
  1    15      350.000    0.000      20.8      16.0          24.2        G      4      0     2       1
  1    15      350.000    0.000     -20.8       4.7           3.8        F      2      0     3       1
  1    15      350.000    0.000     -25.0       5.2          13.2        F      3      1     3       1
  1    15      350.000    0.000     -29.2       4.3           4.3        G      4      0     3       1
  1    15      350.000    0.000      25.0      19.8          28.0        F      3      1     2       1
  1    16      330.000    0.000     -91.7       4.8           9.6        B      5     -1     4       1
  1    16      330.000    0.000     -41.7       6.1          11.7        B      5     -1     3       1
  1    16      330.000    0.000     -79.2       4.9           4.7        G      4      0     4       1
  1    16      330.000    0.000     -29.2       6.6          12.4        G      4      0     3       1
  1    16      330.000    0.000     -75.0       5.1          10.2        F      3      1     4       1
  1    16      330.000    0.000    -100.0       4.5           5.7        C      0      0     5       1
  1    16      330.000    0.000     -70.8       5.2          10.3        F      2      0     4       1
  1    16      330.000    0.000     -50.0       5.8          11.3        C      0      0     4       1
  1    17      310.000    0.000     -29.2       7.1           8.4        G      4      0     3       1
  1    17      310.000    0.000     -41.7       6.7           7.3        B      5     -1     3       1
  1    17      310.000    0.000     -25.0       7.2           8.7        F      3      1     3       1
  1    17      310.000    0.000     -50.0       6.5           6.2        C      0      0     4       1
  1    17      310.000    0.000     -20.8       7.4           9.0        F      2      0     3       1
  1    17      310.000    0.000     -12.5       7.7           9.6        E      1     -1     3       1
  1    17      310.000    0.000       0.0       8.2          10.4        C      0      0     3       1
  1    17      310.000    0.000       8.3       8.5          11.0        B      5     -1     2       1
  1    18      290.000    0.000       0.0       8.3           6.1        C      0      0     3       1
  1    18      290.000    0.000      20.8       9.0           7.2        G      4      0     2       1
  1    18      290.000    0.000       8.3       8.6           6.2        B      5     -1     2       1
  1    18      290.000    0.000      25.0       9.2           7.6        F      3      1     2       1
  1    18      290.000    0.000      29.2       9.3           7.9        F      2      0     2       1
  1    18      290.000    0.000      37.5       9.7           8.5        E      1     -1     2       1
  1    18      290.000    0.000     -12.5       7.9           3.7        E      1     -1     3       1
  1    18      290.000    0.000      50.0      10.3           9.5        C      0      0     2       1
  1    19      270.000    0.000       8.3       8.9           2.9        B      5     -1     2       1
  1    19      270.000    0.000      20.8       9.3           4.0        G      4      0     2       1
  1    19      270.000    0.000       0.0       8.6           2.0        C      0      0     3       1
  1    19      270.000    0.000      75.0      11.9           8.4        F      3      1     1       1
  1    19      270.000    0.000      70.8      11.6           8.0        G      4      0     1       1
  1    19      270.000    0.000      58.3      10.9           7.0        B      5     -1     1       1
  1    19      270.000    0.000      79.2      12.2           8.8        F      2      0     1       1
  1    19      270.000    0.000      50.0      10.5           6.3        C      0      0     2       1
  1    20      250.000    0.000      25.0       9.9           3.0        F      3      1     2       1
  1    20      250.000    0.000      20.8       9.7           2.7        G      4      0     2       1
  1    20      250.000    0.000      79.2      13.1           7.6        F      2      0     1       1
  1    20      250.000    0.000      75.0      12.8           7.1        F      3      1     1       1
  1    20      250.000    0.000      29.2      10.0           3.3        F      2      0     2       1
  1    20      250.000    0.000      70.8      12.4           6.8        G      4      0     1       1
  1    20      250.000    0.000       8.3       9.2           1.8        B      5     -1     2       1
  1    20      250.000    0.000      87.5      13.8           8.4        E      1     -1     1       1
  1    21      230.000    0.000      25.0      10.6           3.0        F      3      1     2       1
  1    21      230.000    0.000      50.0      12.5           5.3        C      0      0     2       1
  1    21      230.000    0.000      58.3      13.2           6.2        B      5     -1     1       1
  1    21      230.000    0.000      75.0      15.2           8.3        F      3      1     1       1
  1    21      230.000    0.000      29.2      10.8           3.3        F      2      0     2       1
  1    21      230.000    0.000      20.8      10.3           2.6        G      4      0     2       1
  1    21      230.000    0.000      70.8      14.6           7.7        G      4      0     1       1
  1    21      230.000    0.000      37.5      11.4           4.0        E      1     -1     2       1
  1    22      210.000    0.000      50.0      17.4           9.6        C      0      0     2       1
  1    22      210.000    0.000      37.5      14.5           6.7        E      1     -1     2       1
  1    22      210.000    0.000      29.2      13.1           5.2        F      2      0     2       1
  1    22      210.000    0.000      25.0      12.5           4.5        F      3      1     2       1
  1    22      210.000    0.000      20.8      11.9           3.9        G      4      0     2       1
  1    22      210.000    0.000       8.3      10.5           2.4        B      5     -1     2       1
  1    22      210.000    0.000      58.3      20.0          12.3        B      5     -1     1       1
  1    22      210.000    0.000      50.0      17.4           9.6        C      0      0     2       1
  1    23      190.000    0.000       8.3      19.2          10.9        B      5     -1     2       2
  1    23      190.000    0.000      20.8      52.7          44.4        G      4      0     2       2
  1    23      190.000    0.000       0.0      13.5           5.1        C      0      0     3       1
  1    23      190.000    0.000      25.0     126.1         117.8        F      3      1     2       1
  1    23      190.000    0.000       8.3      19.2          10.9        B      5     -1     2       2
  1    24      170.000    0.000     -12.5      11.6           3.2        E      1     -1     3       2
  1    24      170.000    0.000       0.0       6.4           0.0        C      0      0     3       1
  1    24      170.000    0.000     -20.8      16.0           7.7        F      2      0     3       1
  1    24      170.000    0.000     -25.0      19.8          11.5        F      3      1     3       1
  1    24      170.000    0.000       8.3       5.6           0.0        B      5     -1     2       1
  1    24      170.000    0.000     -29.2      25.9          17.6        G      4      0     3       1
  1    24      170.000    0.000     -12.5      11.6           3.2        E      1     -1     3       1
  1    25      150.000    0.000     -29.2      10.8           2.7        G      4      0     3       1
  1    25      150.000    0.000     -25.0      10.3           2.2        F      3      1     3       1
  1    25      150.000    0.000     -41.7      12.5           4.5        B      5     -1     3       1
  1    25      150.000    0.000     -50.0      13.9           6.0        C      0      0     4       1
  1    25      150.000    0.000       0.0       7.9           0.0        C      0      0     3       1
  1    25      150.000    0.000     -20.8       9.9           1.7        F      2      0     3       1
  1    25      150.000    0.000       8.3       7.4           0.0        B      5     -1     2       1
  1    25      150.000    0.000     -12.5       9.2           0.9        E      1     -1     3       1
  1    26      130.000    0.000     -41.7      10.6           3.0        B      5     -1     3       1
  1    26      130.000    0.000     -50.0      11.2           3.8        C      0      0     4       1
  1    26      130.000    0.000     -29.2       9.7           1.9        G      4      0     3       1
  1    26      130.000    0.000       0.0       8.3           0.0        C      0      0     3       1
  1    26      130.000    0.000     -62.5      12.3           5.1        E      1     -1     4       1
  1    26      130.000    0.000       8.3       7.9           0.0        B      5     -1     2       1
  1    26      130.000    0.000     -12.5       8.8           0.6        E      1     -1     3       1
  1    26      130.000    0.000     -79.2      14.3           7.3        G      4      0     4       1
  1    27      110.000    0.000     -41.7      10.1           3.4        B      5     -1     3       1
  1    27      110.000    0.000     -50.0      10.5           4.1        C      0      0     4       1
  1    27      110.000    0.000       0.0       8.2           0.3        C      0      0     3       1
  1    27      110.000    0.000       8.3       8.2           0.0        B      5     -1     2       1
  1    27      110.000    0.000     -29.2       9.4           2.3        G      4      0     3       1
  1    27      110.000    0.000     -91.7      13.7           8.3        B      5     -1     4       1
  1    27      110.000    0.000     -62.5      11.3           5.2        E      1     -1     4       1
  1    27      110.000    0.000     -75.0      12.2           6.5        F      3      1     4       1
  1    28       90.000    0.000       8.3       8.4           0.0        B      5     -1     2       1
  1    28       90.000    0.000     -41.7       9.9           5.3        B      5     -1     3       1
  1    28       90.000    0.000     -29.2       9.3           4.1        G      4      0     3       1
  1    28       90.000    0.000     -20.8       9.0           3.2        F      2      0     3       1
  1    28       90.000    0.000     -25.0       9.2           3.7        F      3      1     3       1
  1    28       90.000    0.000       0.0       8.4           0.0        C      0      0     3       1
  1    28       90.000    0.000     -50.0      10.3           6.0        C      0      0     4       1
  1    28       90.000    0.000     -12.5       8.7           2.2        E      1     -1     3       1
  1    29       70.000    0.000       8.3       7.9           2.0        B      5     -1     2       1
  1    29       70.000    0.000       0.0       8.2           0.5        C      0      0     3       1
  1    29       70.000    0.000      20.8       7.9           2.9        G      4      0     2       1
  1    29       70.000    0.000     -70.8      11.9          11.8        F      2      0     4       1
  1    29       70.000    0.000     -62.5      11.3          11.0        E      1     -1     4       1
  1    29       70.000    0.000     -75.0      12.2          12.2        F      3      1     4       1
  1    29       70.000    0.000     -12.5       8.7           6.6        E      1     -1     3       1
  1    29       70.000    0.000     -20.8       9.1           7.3        F      2      0     3       1
  1    30       50.000    0.000      58.3       6.4           5.4        B      5     -1     1       1
  1    30       50.000    0.000      50.0       6.5           4.5        C      0      0     2       1
  1    30       50.000    0.000      70.8       6.4           5.4        G      4      0     1       1
  1    30       50.000    0.000      20.8       7.4           9.1        G      4      0     2       1
  1    30       50.000    0.000      25.0       7.3           2.0        F      3      1     2       1
  1    30       50.000    0.000       8.3       7.9          10.0        B      5     -1     2       1
  1    30       50.000    0.000      29.2       7.1           2.3        F      2      0     2       1
  1    30       50.000    0.000      37.5       6.9           3.0        E      1     -1     2       1
  1    31       30.000    0.000     108.3       4.4           8.5        B      5     -1     0       1
  1    31       30.000    0.000     100.0       4.5           9.0        C      0      0     1       1
  1    31       30.000    0.000      29.2       6.6           2.1        F      2      0     2       1
  1    31       30.000    0.000      25.0       7.3          13.3        F      3      1     2       1
  1    31       30.000    0.000      79.2       5.0           4.6        F      2      0     1       1
  1    31       30.000    0.000      50.0       6.3          12.0        C      0      0     2       1
  1    31       30.000    0.000      87.5       5.2          10.4        E      1     -1     1       1
  1    31       30.000    0.000      75.0       5.1           4.4        F      3      1     1       1
  1    32       10.000    0.000       0.0       6.8          14.9        C      0      0     3       1
  1    32       10.000    0.000      20.8       5.5           2.9        G      4      0     2       1
  1    32       10.000    0.000      25.0       4.7          12.7        F      3      1     2       1
  1    32       10.000    0.000     -12.5       8.7          16.8        E      1     -1     3       1
  1    32       10.000    0.000      29.2       4.5          12.5        F      2      0     2       1
  1    32       10.000    0.000      37.5       4.4           4.1        E      1     -1     2       1
  1    32       10.000    0.000       8.3       6.9           1.5        B      5     -1     2       1
  1    32       10.000    0.000     -20.8      10.7          18.9        F      2      0     3       1
  1    33      350.000    0.000       0.0       6.4           2.0        C      0      0     3       1
  1    33      350.000    0.000       8.3       7.5           0.9        B      5     -1     2       1
  1    33      350.000    0.000     -12.5       6.3          14.4        E      1     -1     3       1
  1    33      350.000    0.000      20.8      16.0          24.2        G      4      0     2       1
  1    33      350.000    0.000     -20.8       5.5          13.6        F      2      0     3       1
  1    33      350.000    0.000     -25.0       4.5           4.0        F      3      1     3       1
  1    33      350.000    0.000     -29.2       4.9          12.9        G      4      0     3       1
  1    33      350.000    0.000      25.0      19.8          28.0        F      3      1     2       1
  1    34      330.000    0.000     -91.7       4.8           9.6        B      5     -1     4       1
  1    34      330.000    0.000     -41.7       6.0           3.0        B      5     -1     3       1
  1    34      330.000    0.000     -79.2       4.9           4.7        G      4      0     4       1
  1    34      330.000    0.000     -29.2       6.4           2.4        G      4      0     3       1
  1    34      330.000    0.000     -75.0       5.0           4.5        F      3      1     4       1
  1    34      330.000    0.000    -100.0       4.5           5.7        C      0      0     5       1
  1    34      330.000    0.000     -70.8       5.1           4.3        F      2      0     4       1
  1    34      330.000    0.000     -50.0       5.8          11.3        C      0      0     4       1
  1    35      310.000    0.000     -29.2       7.1           8.4        G      4      0     3       1
  1    35      310.000    0.000     -41.7       6.8           3.3        B      5     -1     3       1
  1    35      310.000    0.000     -25.0       7.2           8.7        F      3      1     3       1
  1    35      310.000    0.000     -50.0       6.5           4.4        C      0      0     4       1
  1    35      310.000    0.000     -20.8       7.4           9.0        F      2      0     3       1
  1    35      310.000    0.000     -12.5       7.8           1.0        E      1     -1     3       1
  1    35      310.000    0.000       0.0       8.2          10.4        C      0      0     3       1
  1    35      310.000    0.000       8.3       8.5          11.0        B      5     -1     2       1
  1    36      290.000    0.000       0.0       8.3           5.4        C      0      0     3       1
  1    36      290.000    0.000      20.8       9.0           7.2        G      4      0     2       1
  1    36      290.000    0.000       8.3       8.6           6.2        B      5     -1     2       1
  1    36      290.000    0.000      25.0       9.2           7.6        F      3      1     2       1
  1    36      290.000    0.000      29.2       9.3           7.9        F      2      0     2       1
  1    36      290.000    0.000      37.5       9.7           8.5        E      1     -1     2       1
  1    36      290.000    0.000     -12.5       8.1           1.3        E      1     -1     3       1
  1    36      290.000    0.000      50.0      10.3           9.5        C      0      0     2       1
  1    37      270.000    0.000       8.3       8.9           2.9        B      5     -1     2       1
  1    37      270.000    0.000      20.8       9.3           4.0        G      4      0     2       1
  1    37      270.000    0.000       0.0       8.6           2.0        C      0      0     3       1
  1    37      270.000    0.000      75.0      11.9           8.4        F      3      1     1       1
  1    37      270.000    0.000      70.8      11.6           8.0        G      4      0     1       1
  1    37      270.000    0.000      58.3      10.9           7.0        B      5     -1     1       1
  1    37      270.000    0.000      79.2      12.2           8.8        F      2      0     1       1
  1    37      270.000    0.000      50.0      10.5           6.3        C      0      0     2       1
  1    38      250.000    0.000      25.0       9.9           3.0        F      3      1     2       1
  1    38      250.000    0.000      20.8       9.7           2.7        G      4      0     2       1
  1    38      250.000    0.000      79.2      13.1           7.6        F      2      0     1       1
  1    38      250.000    0.000      75.0      12.8           7.1        F      3      1     1       1
  1    38      250.000    0.000      29.2      10.0           3.3        F      2      0     2       1
  1    38      250.000    0.000      70.8      12.4           6.8        G      4      0     1       1
  1    38      250.000    0.000       8.3       9.2           1.8        B      5     -1     2       1
  1    38      250.000    0.000      87.5      13.8           8.4        E      1     -1     1       1
  1    39      230.000    0.000      25.0      10.6           3.0        F      3      1     2       1
  1    39      230.000    0.000      50.0      12.5           5.3        C      0      0     2       1
  1    39      230.000    0.000      58.3      13.2           6.2        B      5     -1     1       1
  1    39      230.000    0.000      75.0      15.2           8.3        F      3      1     1       1
  1    39      230.000    0.000      29.2      10.8           3.3        F      2      0     2       1
  1    39      230.000    0.000      20.8      10.3           2.6        G      4      0     2       1
  1    39      230.000    0.000      70.8      14.6           7.7        G      4      0     1       1
  1    39      230.000    0.000      37.5      11.4           4.0        E      1     -1     2       1
  1    40      210.000    0.000      50.0      17.4           9.6        C      0      0     2       1
  1    40      210.000    0.000      37.5      14.5           6.7        E      1     -1     2       1
  1    40      210.000    0.000      29.2      13.1           5.2        F      2      0     2       1
  1    40      210.000    0.000      25.0      12.5           4.5        F      3      1     2       1
  1    40      210.000    0.000      20.8      11.9           3.9        G      4      0     2       1
  1    40      210.000    0.000       8.3      10.5           2.4        B      5     -1     2       1
  1    40      210.000    0.000      58.3      20.0          12.3        B      5     -1     1       1
  1    40      210.000    0.000      50.0      17.4           9.6        C      0      0     2       1
  1    41      190.000    0.000       8.3      19.2          10.9        B      5     -1     2       2
  1    41      190.000    0.000      20.8      52.7          44.4        G      4      0     2       2
  1    41      190.000    0.000       0.0      13.5           5.1        C      0      0     3       1
  1    41      190.000    0.000      25.0     126.1         117.8        F      3      1     2       1
  1    41      190.000    0.000       8.3      19.2          10.9        B      5     -1     2       2
  1    42      170.000    0.000     -12.5      11.6           3.2        E      1     -1     3       2
  1    42      170.000    0.000       0.0       6.4           0.0        C      0      0     3       1
  1    42      170.000    0.000     -20.8      16.0           7.7        F      2      0     3       1
  1    42      170.000    0.000     -25.0      19.8          11.5        F      3      1     3       1
  1    42      170.000    0.000       8.3       5.6           0.0        B      5     -1     2       1
  1    42      170.000    0.000     -29.2      25.9          17.6        G      4      0     3       1
  1    42      170.000    0.000     -12.5      11.6           3.2        E      1     -1     3       1
  1    43      150.000    0.000     -29.2      10.8           2.7        G      4      0     3       1
  1    43      150.000    0.000     -25.0      10.3           2.2        F      3      1     3       1
  1    43      150.000    0.000     -41.7      12.5           4.5        B      5     -1     3       1
  1    43      150.000    0.000     -50.0      13.9           6.0        C      0      0     4       1
  1    43      150.000    0.000       0.0       7.9           0.0        C      0      0     3       1
  1    43      150.000    0.000     -20.8       9.9           1.7        F      2      0     3       1
  1    43      150.000    0.000       8.3       7.4           0.0        B      5     -1     2       1
  1    43      150.000    0.000     -12.5       9.2           0.9        E      1     -1     3       1
  1    44      130.000    0.000     -41.7      10.6           3.0        B      5     -1     3       1
  1    44      130.000    0.000     -50.0      11.2           3.8        C      0      0     4       1
  1    44      130.000    0.000     -29.2       9.7           1.9        G      4      0     3       1
  1    44      130.000    0.000       0.0       8.3           0.0        C      0      0     3       1
  1    44      130.000    0.000     -62.5      12.3           5.1        E      1     -1     4       1
  1    44      130.000    0.000       8.3       7.9           0.0        B      5     -1     2       1
  1    44      130.000    0.000     -12.5       8.8           0.6        E      1     -1     3       1
  1    44      130.000    0.000     -79.2      14.3           7.3        G      4      0     4       1
  1    45      110.000    0.000     -41.7      10.1           3.4        B      5     -1     3       1
  1    45      110.000    0.000     -50.0      10.5           4.1        C      0      0     4       1
  1    45      110.000    0.000       0.0       8.2           0.3        C      0      0     3       1
  1    45      110.000    0.000       8.3       8.2           0.0        B      5     -1     2       1
  1    45      110.000    0.000     -29.2       9.4           2.3        G      4      0     3       1
  1    45      110.000    0.000     -91.7      13.7           8.3        B      5     -1     4       1
  1    45      110.000    0.000     -62.5      11.3           5.2        E      1     -1     4       1
  1    45      110.000    0.000     -75.0      12.2           6.5        F      3      1     4       1
  1    46       90.000    0.000       8.3       8.4           0.0        B      5     -1     2       1
  1    46       90.000    0.000     -41.7       9.9           5.3        B      5     -1     3       1
  1    46       90.000    0.000     -29.2       9.3           4.1        G      4      0     3       1
  1    46       90.000    0.000     -20.8       9.0           3.2        F      2      0     3       1
  1    46       90.000    0.000     -25.0       9.2           3.7        F      3      1     3       1
  1    46       90.000    0.000       0.0       8.4           0.0        C      0      0     3       1
  1    46       90.000    0.000     -50.0      10.3           6.0        C      0      0     4       1
  1    46       90.000    0.000     -12.5       8.7           2.2        E      1     -1     3       1
  1    47       70.000    0.000       8.3       7.9           3.8        B      5     -1     2       1
  1    47       70.000    0.000       0.0       8.2           5.2        C      0      0     3       1
  1    47       70.000    0.000      20.8       7.9           2.9        G      4      0     2       1
  1    47       70.000    0.000     -70.8      11.9          11.8        F      2      0     4       1
  1    47       70.000    0.000     -62.5      11.3          11.0        E      1     -1     4       1
  1    47       70.000    0.000     -75.0      12.2          12.2        F      3      1     4       1
  1    47       70.000    0.000     -12.5       8.7           6.6        E      1     -1     3       1
  1    47       70.000    0.000     -20.8       9.1           7.3        F      2      0     3       1
  1    48       50.000    0.000      58.3       6.4           5.4        B      5     -1     1       1
  1    48       50.000    0.000      50.0       6.5           4.5        C      0      0     2       1
  1    48       50.000    0.000      70.8       6.4           5.4        G      4      0     1       1
  1    48       50.000    0.000      20.8       7.4           9.1        G      4      0     2       1
  1    48       50.000    0.000      25.0       7.3           8.8        F      3      1     2       1
  1    48       50.000    0.000       8.3       7.9          10.0        B      5     -1     2       1
  1    48       50.000    0.000      29.2       7.1           8.5        F      2      0     2       1
  1    48       50.000    0.000      37.5       6.9           7.8        E      1     -1     2       1
  1    49       30.000    0.000     108.3       4.4           8.5        B      5     -1     0       1
  1    49       30.000    0.000     100.0       4.5           9.0        C      0      0     1       1
  1    49       30.000    0.000      29.2       7.1          13.1        F      2      0     2       1
  1    49       30.000    0.000      25.0       7.3          13.3        F      3      1     2       1
  1    49       30.000    0.000      79.2       5.0           4.6        F      2      0     1       1
  1    49       30.000    0.000      50.0       5.8           3.2        C      0      0     2       1
  1    49       30.000    0.000      87.5       5.2          10.4        E      1     -1     1       1
  1    49       30.000    0.000      75.0       5.1           4.4        F      3      1     1       1
  1    50       10.000    0.000       0.0       6.8          14.9        C      0      0     3       1
  1    50       10.000    0.000      20.8       4.9          13.0        G      4      0     2       1
  1    50       10.000    0.000      25.0       5.2           3.3        F      3      1     2       1
  1    50       10.000    0.000     -12.5       8.7          16.8        E      1     -1     3       1
  1    50       10.000    0.000      29.2       4.9           3.6        F      2      0     2       1
  1    50       10.000    0.000      37.5       4.4           4.1        E      1     -1     2       1
  1    50       10.000    0.000       8.3       5.9          14.0        B      5     -1     2       1
  1    50       10.000    0.000     -20.8      10.7          18.9        F      2      0     3       1
  1    51      350.000    0.000       0.0       8.2          16.3        C      0      0     3       1
  1    51      350.000    0.000       8.3      10.2          18.3        B      5     -1     2       1
  1    51      350.000    0.000     -12.5       6.3          14.4        E      1     -1     3       1
  1    51      350.000    0.000      20.8      16.0          24.2        G      4      0     2       1
  1    51      350.000    0.000     -20.8       4.7           3.8        F      2      0     3       1
  1    51      350.000    0.000     -25.0       5.2          13.2        F      3      1     3       1
  1    51      350.000    0.000     -29.2       4.3           4.3        G      4      0     3       1
  1    51      350.000    0.000      25.0      19.8          28.0        F      3      1     2       1
  1    52      330.000    0.000     -91.7       4.7           5.3        B      5     -1     4       1
  1    52      330.000    0.000     -41.7       6.0           3.0        B      5     -1     3       1
  1    52      330.000    0.000     -79.2       4.9           4.7        G      4      0     4       1
  1    52      330.000    0.000     -29.2       6.4           2.4        G      4      0     3       1
  1    52      330.000    0.000     -75.0       5.1          10.2        F      3      1     4       1
  1    52      330.000    0.000    -100.0       4.5           5.7        C      0      0     5       1
  1    52      330.000    0.000     -70.8       5.2          10.3        F      2      0     4       1
  1    52      330.000    0.000     -50.0       5.8          11.3        C      0      0     4       1
  1    53      310.000    0.000     -29.2       7.1           8.4        G      4      0     3       1
  1    53      310.000    0.000     -41.7       6.7           7.3        B      5     -1     3       1
  1    53      310.000    0.000     -25.0       7.2           8.7        F      3      1     3       1
  1    53      310.000    0.000     -50.0       6.5           4.4        C      0      0     4       1
  1    53      310.000    0.000     -20.8       7.4           1.6        F      2      0     3       1
  1    53      310.000    0.000     -12.5       7.7           9.6        E      1     -1     3       1
  1    53      310.000    0.000       0.0       8.3           0.2        C      0      0     3       1
  1    53      310.000    0.000       8.3       8.5          11.0        B      5     -1     2       1
  1    54      290.000    0.000       0.0       8.3           5.4        C      0      0     3       1
  1    54      290.000    0.000      20.8       9.0           7.2        G      4      0     2       1
  1    54      290.000    0.000       8.3       8.6           6.2        B      5     -1     2       1
  1    54      290.000    0.000      25.0       9.2           7.6        F      3      1     2       1
  1    54      290.000    0.000      29.2       9.3           7.9        F      2      0     2       1
  1    54      290.000    0.000      37.5       9.7           8.5        E      1     -1     2       1
  1    54      290.000    0.000     -12.5       7.9           3.7        E      1     -1     3       1
  1    54      290.000    0.000      50.0      10.3           9.5        C      0      0     2       1
  1    55      270.000    0.000       8.3       8.9           2.9        B      5     -1     2       1
  1    55      270.000    0.000      20.8       9.3           4.0        G      4      0     2       1
  1    55      270.000    0.000       0.0       8.6           2.0        C      0      0     3       1
  1    55      270.000    0.000      75.0      11.9           8.4        F      3      1     1       1
  1    55      270.000    0.000      70.8      11.6           8.0        G      4      0     1       1
  1    55      270.000    0.000      58.3      10.9           7.0        B      5     -1     1       1
  1    55      270.000    0.000      79.2      12.2           8.8        F      2      0     1       1
  1    55      270.000    0.000      50.0      10.5           6.3        C      0      0     2       1
  1    56      250.000    0.000      25.0       9.9           3.0        F      3      1     2       1
  1    56      250.000    0.000      20.8       9.7           2.7        G      4      0     2       1
  1    56      250.000    0.000      79.2      13.1           7.6        F      2      0     1       1
  1    56      250.000    0.000      75.0      12.8           7.1        F      3      1     1       1
  1    56      250.000    0.000      29.2      10.0           3.3        F      2      0     2       1
  1    56      250.000    0.000      70.8      12.4           6.8        G      4      0     1       1
  1    56      250.000    0.000       8.3       9.2           1.8        B      5     -1     2       1
  1    56      250.000    0.000      87.5      13.8           8.4        E      1     -1     1       1
  1    57      230.000    0.000      25.0      10.6           3.0        F      3      1     2       1
  1    57      230.000    0.000      50.0      12.5           5.3        C      0      0     2       1
  1    57      230.000    0.000      58.3      13.2           6.2        B      5     -1     1       1
  1    57      230.000    0.000      75.0      15.2           8.3        F      3      1     1       1
  1    57      230.000    0.000      29.2      10.8           3.3        F      2      0     2       1
  1    57      230.000    0.000      20.8      10.3           2.6        G      4      0     2       1
  1    57      230.000    0.000      70.8      14.6           7.7        G      4      0     1       1
  1    57      230.000    0.000      37.5      11.4           4.0        E      1     -1     2       1
  1    58      210.000    0.000      50.0      17.4           9.6        C      0      0     2       1
  1    58      210.000    0.000      37.5      14.5           6.7        E      1     -1     2       1
  1    58      210.000    0.000      29.2      13.1           5.2        F      2      0     2       1
  1    58      210.000    0.000      25.0      12.5           4.5        F      3      1     2       1
  1    58      210.000    0.000      20.8      11.9           3.9        G      4      0     2       1
  1    58      210.000    0.000       8.3      10.5           2.4        B      5     -1     2       1
  1    58      210.000    0.000      58.3      20.0          12.3        B      5     -1     1       1
  1    58      210.000    0.000      50.0      17.4           9.6        C      0      0     2       1
  1    59      190.000    0.000       8.3      19.2          10.9        B      5     -1     2       2
  1    59      190.000    0.000      20.8      52.7          44.4        G      4      0     2       2
  1    59      190.000    0.000       0.0      13.5           5.1        C      0      0     3       1
  1    59      190.000    0.000      25.0     126.1         117.8        F      3      1     2       1
  1    59      190.000    0.000       8.3      19.2          10.9        B      5     -1     2       2
  1    60      170.000    0.000     -12.5      11.6           3.2        E      1     -1     3       2
  1    60      170.000    0.000       0.0       6.4           0.0        C      0      0     3       1
  1    60      170.000    0.000     -20.8      16.0           7.7        F      2      0     3       1
  1    60      170.000    0.000     -25.0      19.8          11.5        F      3      1     3       1
  1    60      170.000    0.000       8.3       5.6           0.0        B      5     -1     2       1
  1    60      170.000    0.000     -29.2      25.9          17.6        G      4      0     3       1
  1    60      170.000    0.000     -12.5      11.6           3.2        E      1     -1     3       1
  1    61      150.000    0.000     -29.2      10.8           2.7        G      4      0     3       1
  1    61      150.000    0.000     -25.0      10.3           2.2        F      3      1     3       1
  1    61      150.000    0.000     -41.7      12.5           4.5        B      5     -1     3       1
  1    61      150.000    0.000     -50.0      13.9           6.0        C      0      0     4       1
  1    61      150.000    0.000       0.0       7.9           0.0        C      0      0     3       1
  1    61      150.000    0.000     -20.8       9.9           1.7        F      2      0     3       1
  1    61      150.000    0.000       8.3       7.4           0.0        B      5     -1     2       1
  1    61      150.000    0.000     -12.5       9.2           0.9        E      1     -1     3       1
  1    62      130.000    0.000     -41.7      10.6           3.0        B      5     -1     3       1
  1    62      130.000    0.000     -50.0      11.2           3.8        C      0      0     4       1
  1    62      130.000    0.000     -29.2       9.7           1.9        G      4      0     3       1
  1    62      130.000    0.000       0.0       8.3           0.0        C      0      0     3       1
  1    62      130.000    0.000     -62.5      12.3           5.1        E      1     -1     4       1
  1    62      130.000    0.000       8.3       7.9           0.0        B      5     -1     2       1
  1    62      130.000    0.000     -12.5       8.8           0.6        E      1     -1     3       1
  1    62      130.000    0.000     -79.2      14.3           7.3        G      4      0     4       1
  1    63      110.000    0.000     -41.7      10.1           3.4        B      5     -1     3       1
  1    63      110.000    0.000     -50.0      10.5           4.1        C      0      0     4       1
  1    63      110.000    0.000       0.0       8.2           0.3        C      0      0     3       1
  1    63      110.000    0.000       8.3       8.2           0.0        B      5     -1     2       1
  1    63      110.000    0.000     -29.2       9.4           2.3        G      4      0     3       1
  1    63      110.000    0.000     -91.7      13.7           8.3        B      5     -1     4       1
  1    63      110.000    0.000     -62.5      11.3           5.2        E      1     -1     4       1
  1    63      110.000    0.000     -75.0      12.2           6.5        F      3      1     4       1
  1    64       90.000    0.000       8.3       8.4           0.0        B      5     -1     2       1
  1    64       90.000    0.000     -41.7       9.9           5.3        B      5     -1     3       1
  1    64       90.000    0.000     -29.2       9.3           4.1        G      4      0     3       1
  1    64       90.000    0.000     -20.8       9.0           3.2        F      2      0     3       1
  1    64       90.000    0.000     -25.0       9.2           3.7        F      3      1     3       1
  1    64       90.000    0.000       0.0       8.4           0.0        C      0      0     3       1
  1    64       90.000    0.000     -50.0      10.3           6.0        C      0      0     4       1
  1    64       90.000    0.000     -12.5       8.7           2.2        E      1     -1     3       1
  1    65       70.000    0.000       8.3       7.9           3.8        B      5     -1     2       1
  1    65       70.000    0.000       0.0       8.2           0.5        C      0      0     3       1
  1    65       70.000    0.000      20.8       7.9           2.9        G      4      0     2       1
  1    65       70.000    0.000     -70.8      11.9          11.8        F      2      0     4       1
  1    65       70.000    0.000     -62.5      11.3          11.0        E      1     -1     4       1
  1    65       70.000    0.000     -75.0      12.2          12.2        F      3      1     4       1
  1    65       70.000    0.000     -12.5       8.7           6.6        E      1     -1     3       1
  1    65       70.000    0.000     -20.8       9.1           7.3        F      2      0     3       1
  1    66       50.000    0.000      58.3       6.4           5.4        B      5     -1     1       1
  1    66       50.000    0.000      50.0       6.5           6.3        C      0      0     2       1
  1    66       50.000    0.000      70.8       6.4           5.4        G      4      0     1       1
  1    66       50.000    0.000      20.8       7.4           1.7        G      4      0     2       1
  1    66       50.000    0.000      25.0       7.3           2.0        F      3      1     2       1
  1    66       50.000    0.000       8.3       7.9           0.8        B      5     -1     2       1
  1    66       50.000    0.000      29.2       7.1           2.3        F      2      0     2       1
  1    66       50.000    0.000      37.5       6.9           3.0        E      1     -1     2       1
  1    67       30.000    0.000     108.3       4.4           6.1        B      5     -1     0       1
  1    67       30.000    0.000     100.0       4.5           9.0        C      0      0     1       1
  1    67       30.000    0.000      29.2       7.1          13.1        F      2      0     2       1
  1    67       30.000    0.000      25.0       6.8           1.9        F      3      1     2       1
  1    67       30.000    0.000      79.2       5.4          10.8        F      2      0     1       1
  1    67       30.000    0.000      50.0       6.3          12.0        C      0      0     2       1
  1    67       30.000    0.000      87.5       4.8           5.0        E      1     -1     1       1
  1    67       30.000    0.000      75.0       5.6          10.9        F      3      1     1       1
  1    68       10.000    0.000       0.0       8.3           0.1        C      0      0     3       1
  1    68       10.000    0.000      20.8       4.9          13.0        G      4      0     2       1
  1    68       10.000    0.000      25.0       5.2           3.3        F      3      1     2       1
  1    68       10.000    0.000     -12.5       8.7          16.8        E      1     -1     3       1
  1    68       10.000    0.000      29.2       4.5          12.5        F      2      0     2       1
  1    68       10.000    0.000      37.5       4.1          12.1        E      1     -1     2       1
  1    68       10.000    0.000       8.3       6.9           1.5        B      5     -1     2       1
  1    68       10.000    0.000     -20.8      10.7          18.9        F      2      0     3       1
  1    69      350.000    0.000       0.0       6.4           2.0        C      0      0     3       1
  1    69      350.000    0.000       8.3       7.5           0.9        B      5     -1     2       1
  1    69      350.000    0.000     -12.5       5.3           3.2        E      1     -1     3       1
  1    69      350.000    0.000      20.8      16.0          24.2        G      4      0     2       1
  1    69      350.000    0.000     -20.8       5.5          13.6        F      2      0     3       1
  1    69      350.000    0.000     -25.0       5.2          13.2        F      3      1     3       1
  1    69      350.000    0.000     -29.2       4.9          12.9        G      4      0     3       1
  1    69      350.000    0.000      25.0      19.8          28.0        F      3      1     2       1
  1    70      330.000    0.000     -91.7       4.7           5.3        B      5     -1     4       1
  1    70      330.000    0.000     -41.7       6.0           3.0        B      5     -1     3       1
  1    70      330.000    0.000     -79.2       4.9           4.7        G      4      0     4       1
  1    70      330.000    0.000     -29.2       6.6          12.4        G      4      0     3       1
  1    70      330.000    0.000     -75.0       5.1          10.2        F      3      1     4       1
  1    70      330.000    0.000    -100.0       4.6           9.2        C      0      0     5       1
  1    70      330.000    0.000     -70.8       5.2          10.3        F      2      0     4       1
  1    70      330.000    0.000     -50.0       5.8          11.3        C      0      0     4       1
  1    71      310.000    0.000     -29.2       7.2           2.3        G      4      0     3       1
  1    71      310.000    0.000     -41.7       6.8           3.3        B      5     -1     3       1
  1    71      310.000    0.000     -25.0       7.3           1.9        F      3      1     3       1
  1    71      310.000    0.000     -50.0       6.5           6.2        C      0      0     4       1
  1    71      310.000    0.000     -20.8       7.4           1.6        F      2      0     3       1
  1    71      310.000    0.000     -12.5       7.8           1.0        E      1     -1     3       1
  1    71      310.000    0.000       0.0       8.3           0.2        C      0      0     3       1
  1    71      310.000    0.000       8.3       8.5          11.0        B      5     -1     2       1
  1    72      290.000    0.000       0.0       8.3           6.1        C      0      0     3       1
  1    72      290.000    0.000      20.8       9.0           7.2        G      4      0     2       1
  1    72      290.000    0.000       8.3       8.6           6.2        B      5     -1     2       1
  1    72      290.000    0.000      25.0       9.2           7.6        F      3      1     2       1
  1    72      290.000    0.000      29.2       9.3           7.9        F      2      0     2       1
  1    72      290.000    0.000      37.5       9.7           8.5        E      1     -1     2       1
  1    72      290.000    0.000     -12.5       7.9           3.7        E      1     -1     3       1
  1    72      290.000    0.000      50.0      10.3           9.5        C      0      0     2       1
  1    73      270.000    0.000       8.3       8.9           2.9        B      5     -1     2       1
  1    73      270.000    0.000      20.8       9.3           4.0        G      4      0     2       1
  1    73      270.000    0.000       0.0       8.6           2.0        C      0      0     3       1
  1    73      270.000    0.000      75.0      11.9           8.4        F      3      1     1       1
  1    73      270.000    0.000      70.8      11.6           8.0        G      4      0     1       1
  1    73      270.000    0.000      58.3      10.9           7.0        B      5     -1     1       1
  1    73      270.000    0.000      79.2      12.2           8.8        F      2      0     1       1
  1    73      270.000    0.000      50.0      10.5           6.3        C      0      0     2       1
