# ##################################################################################################### 
# Date: Mon Apr  9 18:04:34 2018 
# Input Parameters for this sequence 
#     DataFile: ../../Data/CfA_12CO_XYV.fits 
#     VMin: -150.0 
#     VMax:  150.0 
#     Divisions:  4 
#     Beats:  4 
#     NMax:  8 
#     Threshold:   0.25 
#     VWidth per Octave:   50.0 
#     Velocity Shift:     0 
#     Octave Shift:  0 
#     Mode: blues6_minor 
#     Select Mode: Ordered 
#     Sequence Mode: Amplitude 
#     NumTonic: -1 
#     Interp Velocity: False 
#     Duration Mode: Amplitude 
#        Rest Probability: 0.70 
# ##################################################################################################### 
Part  Measure     X        Y        Vlsr   GalacticRadius  Distance NoteStr   Note   Alter Octave Duration
  4     1      270.000    0.000       8.3       8.9           2.9        B      5     -1     3      16
  4     2      265.000    0.000       8.3       9.0           2.4        B      5     -1     3       2
  4     2      265.000    0.000      50.0      10.6           5.8        C      0      0     3       2
  4     2      265.000    0.000      58.3      11.1           6.5        B      5     -1     2       1
  4     2      265.000    0.000      75.0      12.0           7.9        F      3      1     2       1
  4     2      265.000    0.000       0.0       8.7           1.6        C      0      0     4       1
  4     2      265.000    0.000       8.3       9.0           2.4        B      5     -1     3      -3
  4     2      265.000    0.000      50.0      10.6           5.8        C      0      0     3      -2
  4     2      265.000    0.000      58.3      11.1           6.5        B      5     -1     2       4
  4     3      260.000    0.000       8.3       9.0           2.2        B      5     -1     3       8
  4     3      260.000    0.000      20.8       9.5           3.2        G      4      0     3       2
  4     3      260.000    0.000       8.3       9.0           2.2        B      5     -1     3      -2
  4     3      260.000    0.000      20.8       9.5           3.2        G      4      0     3       4
  4     4      255.000    0.000      58.3      11.4           5.8        B      5     -1     2       2
  4     4      255.000    0.000       0.0       8.8           1.3        C      0      0     4       2
  4     4      255.000    0.000      87.5      13.4           8.5        E      1     -1     2       1
  4     4      255.000    0.000      29.2       9.9           3.5        F      2      0     3       1
  4     4      255.000    0.000     100.0      14.5           9.8        C      0      0     2       1
  4     4      255.000    0.000       8.3       9.1           2.0        B      5     -1     3       1
  4     4      255.000    0.000      58.3      11.4           5.8        B      5     -1     2       8
  4     5      250.000    0.000      25.0       9.9           3.0        F      3      1     3       2
  4     5      250.000    0.000      29.2      10.0           3.3        F      2      0     3       1
  4     5      250.000    0.000      20.8       9.7           2.7        G      4      0     3       1
  4     5      250.000    0.000       0.0       8.9           1.2        C      0      0     4       1
  4     5      250.000    0.000      58.3      11.6           5.6        B      5     -1     2       1
  4     5      250.000    0.000     108.3      15.9          10.9        B      5     -1     1       1
  4     5      250.000    0.000      25.0       9.9           3.0        F      3      1     3       3
  4     5      250.000    0.000      29.2      10.0           3.3        F      2      0     3       2
  4     5      250.000    0.000      20.8       9.7           2.7        G      4      0     3       4
  4     6      245.000    0.000      25.0      10.0           2.9        F      3      1     3       8
  4     6      245.000    0.000      50.0      11.3           4.9        C      0      0     3       1
  4     6      245.000    0.000      58.3      11.9           5.6        B      5     -1     2       1
  4     6      245.000    0.000      25.0      10.0           2.9        F      3      1     3      -2
  4     6      245.000    0.000      50.0      11.3           4.9        C      0      0     3       4
  4     7      240.000    0.000      79.2      14.0           7.8        F      2      0     2       4
  4     7      240.000    0.000      75.0      13.6           7.3        F      3      1     2       2
  4     7      240.000    0.000      87.5      14.9           8.8        E      1     -1     2       2
  4     7      240.000    0.000      79.2      14.0           7.8        F      2      0     2       8
  4     8      235.000    0.000       8.3       9.5           1.7        B      5     -1     3       4
  4     8      235.000    0.000      50.0      12.0           5.0        C      0      0     3       2
  4     8      235.000    0.000      20.8      10.1           2.6        G      4      0     3       1
  4     8      235.000    0.000       0.0       9.1           1.1        C      0      0     4       1
  4     8      235.000    0.000       8.3       9.5           1.7        B      5     -1     3       8
  4     9      230.000    0.000      75.0      15.2           8.3        F      3      1     2       2
  4     9      230.000    0.000      70.8      14.6           7.7        G      4      0     2       1
  4     9      230.000    0.000       8.3       9.6           1.7        B      5     -1     3       1
  4     9      230.000    0.000     -12.5       8.6           0.3        E      1     -1     4       1
  4     9      230.000    0.000     108.3      21.4          15.0        B      5     -1     1       1
  4     9      230.000    0.000      58.3      13.2           6.2        B      5     -1     2       1
  4     9      230.000    0.000      75.0      15.2           8.3        F      3      1     2      -3
  4     9      230.000    0.000      70.8      14.6           7.7        G      4      0     2       2
  4     9      230.000    0.000       8.3       9.6           1.7        B      5     -1     3       4
  4    10      225.000    0.000      20.8      10.5           2.8        G      4      0     3       8
  4    10      225.000    0.000       0.0       9.3           1.2        C      0      0     4       1
  4    10      225.000    0.000       8.3       9.7           1.8        B      5     -1     3       1
  4    10      225.000    0.000      20.8      10.5           2.8        G      4      0     3      -2
  4    10      225.000    0.000       0.0       9.3           1.2        C      0      0     4       4
  4    11      220.000    0.000      37.5      12.4           4.8        E      1     -1     3       4
  4    11      220.000    0.000      50.0      13.9           6.4        C      0      0     3       2
  4    11      220.000    0.000      87.5      21.8          14.7        E      1     -1     2       1
  4    11      220.000    0.000      37.5      12.4           4.8        E      1     -1     3      -3
  4    11      220.000    0.000      50.0      13.9           6.4        C      0      0     3       2
  4    11      220.000    0.000      87.5      21.8          14.7        E      1     -1     2       4
  4    12      215.000    0.000      20.8      11.3           3.4        G      4      0     3       8
  4    12      215.000    0.000     100.0      37.3          30.1        C      0      0     2       2
  4    12      215.000    0.000      20.8      11.3           3.4        G      4      0     3      -2
  4    12      215.000    0.000     100.0      37.3          30.1        C      0      0     2       4
  4    13      210.000    0.000      79.2      31.9          24.4        F      2      0     2       2
  4    13      210.000    0.000       0.0       9.8           1.5        C      0      0     4       2
  4    13      210.000    0.000      75.0      28.5          20.9        F      3      1     2       1
  4    13      210.000    0.000      37.5      14.5           6.7        E      1     -1     3       1
  4    13      210.000    0.000      58.3      20.0          12.3        B      5     -1     2       1
  4    13      210.000    0.000      79.2      31.9          24.4        F      2      0     2      -3
  4    13      210.000    0.000       0.0       9.8           1.5        C      0      0     4       2
  4    13      210.000    0.000      75.0      28.5          20.9        F      3      1     2       4
  4    14      205.000    0.000    -129.2       3.7           0.0        G      4      0     6       2
  4    14      205.000    0.000      20.8      13.0           4.8        G      4      0     3       1
  4    14      205.000    0.000     -20.8       6.9           0.0        F      2      0     4       1
  4    14      205.000    0.000    -100.0       4.2           0.0        C      0      0     6       1
  4    14      205.000    0.000       0.0      10.0           1.8        C      0      0     4       1
  4    14      205.000    0.000     -12.5       8.9           0.5        E      1     -1     4       1
  4    14      205.000    0.000     -25.0       6.6           0.0        F      3      1     4       1
  4    14      205.000    0.000     -41.7       5.9           0.0        B      5     -1     4       1
  4    14      205.000    0.000    -129.2       3.7           0.0        G      4      0     6      -2
  4    14      205.000    0.000      20.8      13.0           4.8        G      4      0     3       2
  4    14      205.000    0.000     -20.8       6.9           0.0        F      2      0     4      -1
  4    14      205.000    0.000    -100.0       4.2           0.0        C      0      0     6       2
  4    15      200.000    0.000      25.0      16.2           8.0        F      3      1     3       4
  4    15      200.000    0.000     -50.0       5.2           0.0        C      0      0     5       2
  4    15      200.000    0.000     -25.0       6.4           0.0        F      3      1     4       1
  4    15      200.000    0.000     -91.7       3.9           0.0        B      5     -1     5       1
  4    15      200.000    0.000      25.0      16.2           8.0        F      3      1     3       8
  4    16      195.000    0.000       8.3      13.6           5.3        B      5     -1     3      16
  4    17      190.000    0.000       8.3      19.2          10.9        B      5     -1     3       8
  4    17      190.000    0.000      20.8      52.7          44.4        G      4      0     3       2
  4    17      190.000    0.000       8.3      19.2          10.9        B      5     -1     3       2
  4    17      190.000    0.000      20.8      52.7          44.4        G      4      0     3       4
  4    18      185.000    0.000       0.0      30.2          21.8        C      0      0     4       4
  4    18      185.000    0.000      70.8       3.9           0.0        G      4      0     2       2
  4    18      185.000    0.000     -91.7       1.6           0.0        B      5     -1     5       2
  4    18      185.000    0.000    -100.0       1.4           0.0        C      0      0     6       1
  4    18      185.000    0.000       0.0      30.2          21.8        C      0      0     4       2
  4    18      185.000    0.000      70.8       3.9           0.0        G      4      0     2       2
  4    18      185.000    0.000     -91.7       1.6           0.0        B      5     -1     5      -1
  4    18      185.000    0.000    -100.0       1.4           0.0        C      0      0     6       2
  4    19      180.000    0.000    -120.8      10.0           1.5        F      2      0     6       1
  4    19      180.000    0.000     -12.5      10.0           1.5        E      1     -1     4       1
  4    19      180.000    0.000    -100.0      10.0           1.5        C      0      0     6       1
  4    19      180.000    0.000      58.3       0.0           8.5        B      5     -1     2       1
  4    19      180.000    0.000     -91.7      10.0           1.5        B      5     -1     5       1
  4    19      180.000    0.000      70.8       0.0           8.5        G      4      0     2       1
  4    19      180.000    0.000      20.8       0.0           8.5        G      4      0     3       1
  4    19      180.000    0.000       8.3       8.5           0.0        B      5     -1     3       1
  4    19      180.000    0.000    -120.8      10.0           1.5        F      2      0     6       8
  4    20      175.000    0.000     -12.5      19.4          11.0        E      1     -1     4       8
  4    20      175.000    0.000     -20.8     251.6         243.2        F      2      0     4       2
  4    20      175.000    0.000     -12.5      19.4          11.0        E      1     -1     4      -2
  4    20      175.000    0.000     -20.8     251.6         243.2        F      2      0     4       4
  4    21      170.000    0.000     -70.8      13.9           5.6        F      2      0     5       2
  4    21      170.000    0.000     -20.8      16.0           7.7        F      2      0     4       1
  4    21      170.000    0.000      29.2       4.3           0.0        F      2      0     3       1
  4    21      170.000    0.000     -75.0      12.1           3.8        F      3      1     5       1
  4    21      170.000    0.000     -25.0      19.8          11.5        F      3      1     4       1
  4    21      170.000    0.000    -112.5       6.7           0.0        E      1     -1     6       1
  4    21      170.000    0.000    -100.0       6.8           0.3        C      0      0     6       1
  4    21      170.000    0.000     -50.0      53.2          44.9        C      0      0     5       1
  4    21      170.000    0.000     -70.8      13.9           5.6        F      2      0     5      -2
  4    21      170.000    0.000     -20.8      16.0           7.7        F      2      0     4      -2
  4    21      170.000    0.000      29.2       4.3           0.0        F      2      0     3      -1
  4    21      170.000    0.000     -75.0      12.1           3.8        F      3      1     5       2
  4    22      165.000    0.000       8.3       6.4           0.0        B      5     -1     3       1
  4    22      165.000    0.000     -50.0      38.8          30.6        C      0      0     5       1
  4    22      165.000    0.000      58.3       4.0           0.0        B      5     -1     2       1
  4    22      165.000    0.000     -25.0      13.5           5.2        F      3      1     4       1
  4    22      165.000    0.000     -91.7      20.7          12.5        B      5     -1     5       1
  4    22      165.000    0.000      29.2       5.1           0.0        F      2      0     3       1
  4    22      165.000    0.000      20.8       5.6           0.0        G      4      0     3       1
  4    22      165.000    0.000      70.8       3.7           0.0        G      4      0     2       1
  4    22      165.000    0.000       8.3       6.4           0.0        B      5     -1     3       8
  4    23      160.000    0.000       8.3       6.9           0.0        B      5     -1     3       2
  4    23      160.000    0.000       0.0       7.4           0.0        C      0      0     4       2
  4    23      160.000    0.000     -25.0      11.7           3.4        F      3      1     4       1
  4    23      160.000    0.000    -125.0      18.7          10.6        F      3      1     6       1
  4    23      160.000    0.000     -75.0      79.1          71.1        F      3      1     5       1
  4    23      160.000    0.000     -70.8      53.4          45.5        F      2      0     5       1
  4    23      160.000    0.000       8.3       6.9           0.0        B      5     -1     3       8
  4    24      155.000    0.000       8.3       7.2           0.0        B      5     -1     3      16
  4    25      150.000    0.000     -29.2      10.8           2.7        G      4      0     4       2
  4    25      150.000    0.000     -25.0      10.3           2.2        F      3      1     4       2
  4    25      150.000    0.000     -70.8      19.5          11.8        F      2      0     5       1
  4    25      150.000    0.000     -75.0      21.3          13.6        F      3      1     5       1
  4    25      150.000    0.000       8.3       7.4           0.0        B      5     -1     3       1
  4    25      150.000    0.000     -29.2      10.8           2.7        G      4      0     4      -3
  4    25      150.000    0.000     -25.0      10.3           2.2        F      3      1     4      -2
  4    25      150.000    0.000     -70.8      19.5          11.8        F      2      0     5       4
  4    26      145.000    0.000       0.0       8.0           0.0        C      0      0     4       4
  4    26      145.000    0.000     -29.2      10.4           2.3        G      4      0     4       2
  4    26      145.000    0.000       8.3       7.6           0.0        B      5     -1     3       1
  4    26      145.000    0.000       0.0       8.0           0.0        C      0      0     4       3
  4    26      145.000    0.000     -29.2      10.4           2.3        G      4      0     4       2
  4    26      145.000    0.000       8.3       7.6           0.0        B      5     -1     3       4
  4    27      140.000    0.000       8.3       7.7           0.0        B      5     -1     3       2
  4    27      140.000    0.000     -29.2      10.1           2.1        G      4      0     4       1
  4    27      140.000    0.000      25.0       7.0           0.0        F      3      1     3       1
  4    27      140.000    0.000    -125.0      40.3          33.5        F      3      1     6       1
  4    27      140.000    0.000       0.0       8.1           0.0        C      0      0     4       1
  4    27      140.000    0.000       8.3       7.7           0.0        B      5     -1     3       3
  4    27      140.000    0.000     -29.2      10.1           2.1        G      4      0     4       2
  4    27      140.000    0.000      25.0       7.0           0.0        F      3      1     3      -2
  4    27      140.000    0.000    -125.0      40.3          33.5        F      3      1     6       1
  4    27      140.000    0.000       0.0       8.1           0.0        C      0      0     4       2
  4    28      135.000    0.000     -12.5       8.9           0.6        E      1     -1     4       4
  4    28      135.000    0.000       0.0       8.2           0.0        C      0      0     4       2
  4    28      135.000    0.000     -41.7      10.8           3.1        B      5     -1     4       1
  4    28      135.000    0.000     -12.5       8.9           0.6        E      1     -1     4      -3
  4    28      135.000    0.000       0.0       8.2           0.0        C      0      0     4       2
  4    28      135.000    0.000     -41.7      10.8           3.1        B      5     -1     4       4
  4    29      130.000    0.000       0.0       8.3           0.0        C      0      0     4       4
  4    29      130.000    0.000     -25.0       9.5           1.6        F      3      1     4       1
  4    29      130.000    0.000     -12.5       8.8           0.6        E      1     -1     4       1
  4    29      130.000    0.000      58.3       6.4           0.0        B      5     -1     2       1
  4    29      130.000    0.000       0.0       8.3           0.0        C      0      0     4       3
  4    29      130.000    0.000     -25.0       9.5           1.6        F      3      1     4      -2
  4    29      130.000    0.000     -12.5       8.8           0.6        E      1     -1     4       4
  4    30      125.000    0.000       8.3       8.0           0.0        B      5     -1     3      16
  4    31      120.000    0.000     -41.7      10.2           3.0        B      5     -1     4       4
  4    31      120.000    0.000      58.3       7.3           0.0        B      5     -1     2       1
  4    31      120.000    0.000     -62.5      11.7           4.9        E      1     -1     5       1
  4    31      120.000    0.000     -50.0      10.8           3.7        C      0      0     5       1
  4    31      120.000    0.000     -70.8      12.4           5.8        F      2      0     5       1
  4    31      120.000    0.000     -41.7      10.2           3.0        B      5     -1     4       8
  4    32      115.000    0.000     -25.0       9.3           1.7        F      3      1     4       2
  4    32      115.000    0.000      20.8       7.7           0.0        G      4      0     3       1
  4    32      115.000    0.000     -12.5       8.7           0.7        E      1     -1     4       1
  4    32      115.000    0.000       0.0       8.2           0.2        C      0      0     4       1
  4    32      115.000    0.000     -70.8      12.1           5.9        F      2      0     5       1
  4    32      115.000    0.000     -25.0       9.3           1.7        F      3      1     4      -3
  4    32      115.000    0.000      20.8       7.7           0.0        G      4      0     3      -2
  4    32      115.000    0.000     -12.5       8.7           0.7        E      1     -1     4      -2
  4    32      115.000    0.000       0.0       8.2           0.2        C      0      0     4       1
  4    32      115.000    0.000     -70.8      12.1           5.9        F      2      0     5       2
  4    33      110.000    0.000     -50.0      10.5           4.1        C      0      0     5       8
  4    33      110.000    0.000     -41.7      10.1           3.4        B      5     -1     4       2
  4    33      110.000    0.000     -50.0      10.5           4.1        C      0      0     5      -2
  4    33      110.000    0.000     -41.7      10.1           3.4        B      5     -1     4       4
  4    34      105.000    0.000     -41.7      10.0           3.7        B      5     -1     4       4
  4    34      105.000    0.000     -50.0      10.4           4.4        C      0      0     5       4
  4    34      105.000    0.000     -41.7      10.0           3.7        B      5     -1     4       8
  4    35      100.000    0.000       0.0       8.3           0.8        C      0      0     4       8
  4    35      100.000    0.000     -29.2       9.4           2.9        G      4      0     4       2
  4    35      100.000    0.000       0.0       8.3           0.8        C      0      0     4      -2
  4    35      100.000    0.000     -29.2       9.4           2.9        G      4      0     4       4
  4    36       95.000    0.000     -41.7       9.9           4.6        B      5     -1     4       4
  4    36       95.000    0.000       8.3       8.4           0.1        B      5     -1     3       2
  4    36       95.000    0.000     -29.2       9.4           3.4        G      4      0     4       2
  4    36       95.000    0.000     -41.7       9.9           4.6        B      5     -1     4       8
  4    37       90.000    0.000     -41.7       9.9           5.3        B      5     -1     4       8
  4    37       90.000    0.000       0.0       8.4           0.0        C      0      0     4       2
  4    37       90.000    0.000     -41.7       9.9           5.3        B      5     -1     4      -2
  4    37       90.000    0.000       0.0       8.4           0.0        C      0      0     4       4
  4    38       85.000    0.000       0.0       8.4           0.7        C      0      0     4       4
  4    38       85.000    0.000       8.3       8.4           0.7        B      5     -1     3       4
  4    38       85.000    0.000       0.0       8.4           0.7        C      0      0     4       8
  4    39       80.000    0.000       8.3       8.3           1.5        B      5     -1     3       4
  4    39       80.000    0.000       0.0       8.3           1.5        C      0      0     4       2
  4    39       80.000    0.000      20.8       8.3           1.5        G      4      0     3       1
  4    39       80.000    0.000       8.3       8.3           1.5        B      5     -1     3       3
  4    39       80.000    0.000       0.0       8.3           1.5        C      0      0     4      -2
  4    39       80.000    0.000      20.8       8.3           1.5        G      4      0     3       4
  4    40       75.000    0.000       8.3       8.1           2.2        B      5     -1     3       8
  4    40       75.000    0.000       0.0       8.2           0.8        C      0      0     4       2
  4    40       75.000    0.000       8.3       8.1           2.2        B      5     -1     3      -2
  4    40       75.000    0.000       0.0       8.2           0.8        C      0      0     4       4
  4    41       70.000    0.000       8.3       7.9           3.8        B      5     -1     3       2
  4    41       70.000    0.000     -25.0       9.2           7.7        F      3      1     4       2
  4    41       70.000    0.000      79.2       7.9           2.9        F      2      0     2       1
  4    41       70.000    0.000      20.8       7.9           2.9        G      4      0     3       1
  4    41       70.000    0.000     -75.0      12.2          12.2        F      3      1     5       1
  4    41       70.000    0.000       0.0       8.2           5.2        C      0      0     4       1
  4    41       70.000    0.000       8.3       7.9           3.8        B      5     -1     3       8
  4    42       65.000    0.000      20.8       7.6           3.5        G      4      0     3       2
  4    42       65.000    0.000      25.0       7.6           3.5        F      3      1     3       2
  4    42       65.000    0.000      29.2       7.6           3.5        F      2      0     3       1
  4    42       65.000    0.000     -12.5       8.7           7.8        E      1     -1     4       1
  4    42       65.000    0.000      37.5       7.6           3.5        E      1     -1     3       1
  4    42       65.000    0.000     -79.2      12.8          13.9        G      4      0     5       1
  4    42       65.000    0.000      20.8       7.6           3.5        G      4      0     3       8
  4    43       60.000    0.000      25.0       7.4           5.3        F      3      1     3       4
  4    43       60.000    0.000      29.2       7.3           4.2        F      2      0     3       2
  4    43       60.000    0.000       0.0       8.2           0.3        C      0      0     4       1
  4    43       60.000    0.000      25.0       7.4           5.3        F      3      1     3      -3
  4    43       60.000    0.000      29.2       7.3           4.2        F      2      0     3      -2
  4    43       60.000    0.000       0.0       8.2           0.3        C      0      0     4       4
  4    44       55.000    0.000       0.0       8.2           0.3        C      0      0     4       2
  4    44       55.000    0.000      50.0       6.9           4.8        C      0      0     3       2
  4    44       55.000    0.000      37.5       6.9           5.7        E      1     -1     3       1
  4    44       55.000    0.000      25.0       7.3           2.3        F      3      1     3       1
  4    44       55.000    0.000      75.0       6.9           4.8        F      3      1     2       1
  4    44       55.000    0.000      29.2       7.2           6.9        F      2      0     3       1
  4    44       55.000    0.000      20.8       7.5           1.9        G      4      0     3       1
  4    44       55.000    0.000       0.0       8.2           9.3        C      0      0     4      -2
  4    44       55.000    0.000      50.0       6.9           4.8        C      0      0     3       2
  4    44       55.000    0.000      37.5       6.9           5.7        E      1     -1     3      -1
  4    44       55.000    0.000      25.0       7.3           7.3        F      3      1     3       2
  4    45       50.000    0.000      58.3       6.4           5.4        B      5     -1     2       8
  4    45       50.000    0.000      50.0       6.5           6.3        C      0      0     3       2
  4    45       50.000    0.000      58.3       6.4           5.4        B      5     -1     2       2
  4    45       50.000    0.000      50.0       6.5           6.3        C      0      0     3       4
  4    46       45.000    0.000      70.8       5.9           5.9        G      4      0     2       4
  4    46       45.000    0.000      29.2       7.0           2.1        F      2      0     3       2
  4    46       45.000    0.000      25.0       7.2          10.0        F      3      1     3       1
  4    46       45.000    0.000      58.3       6.2           4.3        B      5     -1     2       1
  4    46       45.000    0.000      70.8       5.9           5.9        G      4      0     2       8
  4    47       40.000    0.000      70.8       5.7           8.2        G      4      0     2       1
  4    47       40.000    0.000      75.0       5.6           5.1        F      3      1     2       1
  4    47       40.000    0.000      25.0       7.9          12.2        F      3      1     3       1
  4    47       40.000    0.000      87.5       5.4           6.4        E      1     -1     2       1
  4    47       40.000    0.000      79.2       5.5           5.5        F      2      0     2       1
  4    47       40.000    0.000      37.5       6.6          10.3        E      1     -1     3       1
  4    47       40.000    0.000      29.2       6.9          10.8        F      2      0     3       1
  4    47       40.000    0.000      58.3       6.0           3.8        B      5     -1     2       1
  4    47       40.000    0.000      70.8       5.7           8.2        G      4      0     2       8
  4    48       35.000    0.000      50.0       6.7          11.5        C      0      0     3       2
  4    48       35.000    0.000      79.2       5.3           4.8        F      2      0     2       1
  4    48       35.000    0.000      58.3       5.8          10.1        B      5     -1     2       1
  4    48       35.000    0.000      75.0       5.4           9.2        F      3      1     2       1
  4    48       35.000    0.000      29.2       6.8           2.1        F      2      0     3       1
  4    48       35.000    0.000      20.8       7.8          13.1        G      4      0     3       1
  4    48       35.000    0.000      87.5       5.1           5.3        E      1     -1     2       1
  4    48       35.000    0.000      70.8       5.5           9.5        G      4      0     2       1
  4    48       35.000    0.000      50.0       6.1           3.2        C      0      0     3      -2
  4    48       35.000    0.000      79.2       5.3           4.8        F      2      0     2       2
  4    48       35.000    0.000      58.3       5.8          10.1        B      5     -1     2      -1
  4    48       35.000    0.000      75.0       5.4           4.5        F      3      1     2       2
  4    49       30.000    0.000     108.3       4.4           8.5        B      5     -1     1       4
  4    49       30.000    0.000     100.0       4.5           5.6        C      0      0     2       4
  4    49       30.000    0.000      87.5       5.2          10.4        E      1     -1     2       1
  4    49       30.000    0.000     108.3       4.4           6.1        B      5     -1     1       2
  4    49       30.000    0.000     100.0       4.5           5.6        C      0      0     2      -2
  4    49       30.000    0.000      87.5       5.2          10.4        E      1     -1     2      -1
  4    49       30.000    0.000     108.3       4.4           8.5        B      5     -1     1       2
  4    50       25.000    0.000     108.3       4.3          10.1        B      5     -1     1       2
  4    50       25.000    0.000      58.3       5.6          11.9        B      5     -1     2       2
  4    50       25.000    0.000     100.0       4.5          10.4        C      0      0     2       1
  4    50       25.000    0.000       8.3       7.6           0.9        B      5     -1     3       1
  4    50       25.000    0.000      50.0       5.6           3.3        C      0      0     3       1
  4    50       25.000    0.000     108.3       4.0           5.7        B      5     -1     1       3
  4    50       25.000    0.000      58.3       5.6          11.9        B      5     -1     2       2
  4    50       25.000    0.000     100.0       4.5          10.4        C      0      0     2       4
  4    51       20.000    0.000      75.0       4.3           4.6        F      3      1     2       2
  4    51       20.000    0.000      70.8       4.6          11.5        G      4      0     2       2
  4    51       20.000    0.000       8.3       7.4          14.7        B      5     -1     3       1
  4    51       20.000    0.000      79.2       4.4          11.3        F      2      0     2       1
  4    51       20.000    0.000      25.0       6.4          13.6        F      3      1     3       1
  4    51       20.000    0.000      29.2       6.2          13.4        F      2      0     3       1
  4    51       20.000    0.000      58.3       4.9           4.0        B      5     -1     2       1
  4    51       20.000    0.000      75.0       4.3           4.6        F      3      1     2       2
  4    51       20.000    0.000      70.8       4.6          11.5        G      4      0     2       2
  4    51       20.000    0.000       8.3       7.4          14.7        B      5     -1     3      -1
  4    51       20.000    0.000      79.2       4.4          11.3        F      2      0     2       2
  4    52       15.000    0.000      29.2       5.5          13.1        F      2      0     3       2
  4    52       15.000    0.000      37.5       5.1          12.7        E      1     -1     3       2
  4    52       15.000    0.000      25.0       5.7          13.4        F      3      1     3       2
  4    52       15.000    0.000      50.0       4.6           4.1        C      0      0     3       1
  4    52       15.000    0.000      29.2       5.5          13.1        F      2      0     3      -3
  4    52       15.000    0.000      37.5       5.2           3.4        E      1     -1     3      -2
  4    52       15.000    0.000      25.0       5.9           2.6        F      3      1     3       4
  4    53       10.000    0.000      20.8       5.5           2.9        G      4      0     3       2
  4    53       10.000    0.000      25.0       5.2           3.3        F      3      1     3       1
  4    53       10.000    0.000      29.2       4.5          12.5        F      2      0     3       1
  4    53       10.000    0.000      37.5       4.1          12.1        E      1     -1     3       1
  4    53       10.000    0.000       8.3       6.9           1.5        B      5     -1     3       1
  4    53       10.000    0.000      50.0       3.8           4.8        C      0      0     3       1
  4    53       10.000    0.000      70.8       3.0          10.9        G      4      0     2       1
  4    53       10.000    0.000      58.3       3.5           5.1        B      5     -1     2       1
  4    53       10.000    0.000      20.8       5.5           2.9        G      4      0     3      -2
  4    53       10.000    0.000      25.0       4.7          12.7        F      3      1     3      -2
  4    53       10.000    0.000      29.2       4.5          12.5        F      2      0     3      -1
  4    53       10.000    0.000      37.5       4.4           4.1        E      1     -1     3       2
  4    54        5.000    0.000      20.8       4.2           4.2        G      4      0     3       2
  4    54        5.000    0.000       8.3       6.0           2.4        B      5     -1     3       2
  4    54        5.000    0.000      25.0       3.8           4.6        F      3      1     3       1
  4    54        5.000    0.000     -25.0      17.5          25.8        F      3      1     4       1
  4    54        5.000    0.000      29.2       3.5           5.0        F      2      0     3       1
  4    54        5.000    0.000      20.8       3.3          11.6        G      4      0     3      -3
  4    54        5.000    0.000       8.3       6.0           2.4        B      5     -1     3      -2
  4    54        5.000    0.000      25.0       3.8           4.6        F      3      1     3       4
  4    55        0.000    0.000      70.8       0.0           8.5        G      4      0     2       1
  4    55        0.000    0.000      75.0       0.0           8.5        F      3      1     2       1
  4    55        0.000    0.000      58.3       0.0           8.5        B      5     -1     2       1
  4    55        0.000    0.000      79.2       0.0           8.5        F      2      0     2       1
  4    55        0.000    0.000      50.0       0.0           8.5        C      0      0     3       1
  4    55        0.000    0.000      87.5       0.0           8.5        E      1     -1     2       1
  4    55        0.000    0.000     -12.5      10.0           1.5        E      1     -1     4       1
  4    55        0.000    0.000      37.5       0.0           8.5        E      1     -1     3       1
  4    55        0.000    0.000      70.8       0.0           8.5        G      4      0     2       8
  4    56      355.000    0.000     100.0       2.5          10.8        C      0      0     2       1
  4    56      355.000    0.000       8.3       6.6           1.8        B      5     -1     3       1
  4    56      355.000    0.000     -12.5       5.1          13.5        E      1     -1     4       1
  4    56      355.000    0.000      87.5       3.0          11.3        E      1     -1     2       1
  4    56      355.000    0.000       0.0       8.1          16.5        C      0      0     4       1
  4    56      355.000    0.000      50.0      13.8           1.7        C      0      0     3       1
  4    56      355.000    0.000      37.5      12.3          20.7        E      1     -1     3       1
  4    56      355.000    0.000     108.3       2.6           5.9        B      5     -1     1       1
  4    56      355.000    0.000     100.0       2.5          10.8        C      0      0     2       8
  4    57      350.000    0.000     -62.5       3.1           5.6        E      1     -1     5       2
  4    57      350.000    0.000      20.8      16.0          24.2        G      4      0     3       1
  4    57      350.000    0.000     -50.0       3.4           5.2        C      0      0     5       1
  4    57      350.000    0.000     -70.8       2.9           5.8        F      2      0     5       1
  4    57      350.000    0.000     -20.8       5.5          13.6        F      2      0     4       1
  4    57      350.000    0.000     -25.0       5.2          13.2        F      3      1     4       1
  4    57      350.000    0.000       0.0       6.4           2.0        C      0      0     4       1
  4    57      350.000    0.000       8.3       7.5           0.9        B      5     -1     3       1
  4    57      350.000    0.000     -62.5       3.1           5.6        E      1     -1     5       2
  4    57      350.000    0.000      20.8      16.0          24.2        G      4      0     3      -2
  4    57      350.000    0.000     -50.0       3.4           5.2        C      0      0     5      -1
  4    57      350.000    0.000     -70.8       3.1          11.0        F      2      0     5       2
  4    58      345.000    0.000     -20.8       5.6           3.0        F      2      0     4       2
  4    58      345.000    0.000     -12.5       6.8          14.6        E      1     -1     4       2
  4    58      345.000    0.000     -25.0       5.9          13.6        F      3      1     4       2
  4    58      345.000    0.000     -29.2       5.6          13.3        G      4      0     4       1
  4    58      345.000    0.000     -41.7       4.9          12.6        B      5     -1     4       1
  4    58      345.000    0.000     -20.8       6.2          13.9        F      2      0     4       8
  4    59      340.000    0.000     -25.0       5.9           2.7        F      3      1     4       1
  4    59      340.000    0.000     -91.7       3.8           5.4        B      5     -1     5       1
  4    59      340.000    0.000     -20.8       6.1           2.5        F      2      0     4       1
  4    59      340.000    0.000     -29.2       5.7           3.0        G      4      0     4       1
  4    59      340.000    0.000    -112.5       3.5           9.9        E      1     -1     6       1
  4    59      340.000    0.000    -120.8       3.3           6.2        F      2      0     6       1
  4    59      340.000    0.000     -41.7       5.5          12.6        B      5     -1     4       1
  4    59      340.000    0.000     -12.5       7.1          14.4        E      1     -1     4       1
  4    59      340.000    0.000     -25.0       6.3          13.5        F      3      1     4       8
  4    60      335.000    0.000     -70.8       4.8           4.4        F      2      0     5       2
  4    60      335.000    0.000     -41.7       5.6           3.2        B      5     -1     4       1
  4    60      335.000    0.000     -20.8       6.5           2.2        F      2      0     4       1
  4    60      335.000    0.000     -62.5       5.1          11.3        E      1     -1     5       1
  4    60      335.000    0.000     -25.0       6.6          13.2        F      3      1     4       1
  4    60      335.000    0.000     -29.2       6.1           2.6        G      4      0     4       1
  4    60      335.000    0.000     -79.2       4.6           4.7        G      4      0     5       1
  4    60      335.000    0.000     -75.0       4.7           4.6        F      3      1     5       1
  4    60      335.000    0.000     -70.8       4.9          10.9        F      2      0     5      -2
  4    60      335.000    0.000     -41.7       5.6           3.2        B      5     -1     4      -2
  4    60      335.000    0.000     -20.8       6.5           2.2        F      2      0     4       1
  4    60      335.000    0.000     -62.5       5.0           4.1        E      1     -1     5       2
  4    61      330.000    0.000     -79.2       5.0          10.0        G      4      0     5       2
  4    61      330.000    0.000     -41.7       6.0           3.0        B      5     -1     4       1
  4    61      330.000    0.000     -91.7       4.7           5.3        B      5     -1     5       1
  4    61      330.000    0.000     -62.5       5.4          10.7        E      1     -1     5       1
  4    61      330.000    0.000     -50.0       5.7           3.4        C      0      0     5       1
  4    61      330.000    0.000     -75.0       5.0           4.5        F      3      1     5       1
  4    61      330.000    0.000     -29.2       6.6          12.4        G      4      0     4       1
  4    61      330.000    0.000     -70.8       5.1           4.3        F      2      0     5       1
  4    61      330.000    0.000     -79.2       4.9           4.7        G      4      0     5       2
  4    61      330.000    0.000     -41.7       6.1          11.7        B      5     -1     4       2
  4    61      330.000    0.000     -91.7       4.7           5.3        B      5     -1     5       1
  4    61      330.000    0.000     -62.5       5.4          10.7        E      1     -1     5       2
  4    62      325.000    0.000     -75.0       5.3           4.6        F      3      1     5       2
  4    62      325.000    0.000     -70.8       5.4           4.4        F      2      0     5       2
  4    62      325.000    0.000     -29.2       6.7           2.2        G      4      0     4       1
  4    62      325.000    0.000     -79.2       5.3           9.1        G      4      0     5       1
  4    62      325.000    0.000     -62.5       5.6           4.0        E      1     -1     5       1
  4    62      325.000    0.000     -25.0       7.0          11.9        F      3      1     4       1
  4    62      325.000    0.000      20.8       9.7          15.2        G      4      0     3       1
  4    62      325.000    0.000     -75.0       5.3           4.6        F      3      1     5      -2
  4    62      325.000    0.000     -70.8       5.5           9.6        F      2      0     5      -2
  4    62      325.000    0.000     -29.2       6.8          11.7        G      4      0     4      -1
  4    62      325.000    0.000     -79.2       5.3           9.1        G      4      0     5       2
  4    63      320.000    0.000       8.3       8.7          13.2        B      5     -1     3       2
  4    63      320.000    0.000     -70.8       5.7           4.8        F      2      0     5       1
  4    63      320.000    0.000     -62.5       5.9           8.8        E      1     -1     5       1
  4    63      320.000    0.000       0.0       8.2          12.6        C      0      0     4       1
  4    63      320.000    0.000     -20.8       7.3          11.3        F      2      0     4       1
  4    63      320.000    0.000     -50.0       6.3           9.6        C      0      0     5       1
  4    63      320.000    0.000     -12.5       7.6          11.8        E      1     -1     4       1
  4    63      320.000    0.000     -75.0       5.6           5.1        F      3      1     5       1
  4    63      320.000    0.000       8.3       8.7          13.2        B      5     -1     3       2
  4    63      320.000    0.000     -70.8       5.7           8.2        F      2      0     5       2
  4    63      320.000    0.000     -62.5       5.9           8.8        E      1     -1     5      -1
  4    63      320.000    0.000       0.0       8.2          12.6        C      0      0     4       2
  4    64      315.000    0.000     -41.7       6.6           8.9        B      5     -1     4       4
  4    64      315.000    0.000     -50.0       6.4           3.6        C      0      0     5       4
  4    64      315.000    0.000     -41.7       6.6           8.9        B      5     -1     4       8
  4    65      310.000    0.000     -29.2       7.2           2.3        G      4      0     4       2
  4    65      310.000    0.000     -41.7       6.8           3.3        B      5     -1     4       2
  4    65      310.000    0.000     -50.0       6.5           4.4        C      0      0     5       2
  4    65      310.000    0.000     -12.5       7.8           1.0        E      1     -1     4       1
  4    65      310.000    0.000     -29.2       7.1           8.4        G      4      0     4       3
  4    65      310.000    0.000     -41.7       6.8           3.3        B      5     -1     4      -2
  4    65      310.000    0.000     -50.0       6.5           6.2        C      0      0     5       4
  4    66      305.000    0.000     -29.2       7.3           2.5        G      4      0     4       4
  4    66      305.000    0.000     -25.0       7.3           7.2        F      3      1     4       2
  4    66      305.000    0.000     -20.8       7.4           7.6        F      2      0     4       1
  4    66      305.000    0.000     -29.2       7.2           6.8        G      4      0     4      -3
  4    66      305.000    0.000     -25.0       7.3           7.2        F      3      1     4      -2
  4    66      305.000    0.000     -20.8       7.5           1.7        F      2      0     4       4
  4    67      300.000    0.000     -12.5       7.9           1.0        E      1     -1     4       4
  4    67      300.000    0.000     -25.0       7.4           5.4        F      3      1     4       1
  4    67      300.000    0.000      37.5       9.8          10.8        E      1     -1     3       1
  4    67      300.000    0.000     -20.8       7.5           6.0        F      2      0     4       1
  4    67      300.000    0.000     -12.5       7.9           1.0        E      1     -1     4       3
  4    67      300.000    0.000     -25.0       7.5           2.5        F      3      1     4      -2
  4    67      300.000    0.000      37.5       9.8          10.8        E      1     -1     3       4
  4    68      295.000    0.000     -20.8       7.6           3.5        F      2      0     4       2
  4    68      295.000    0.000      25.0       9.2           8.6        F      3      1     3       2
  4    68      295.000    0.000      29.2       9.3           9.0        F      2      0     3       1
  4    68      295.000    0.000     125.0      18.9          20.9        F      3      1     1       1
  4    68      295.000    0.000       0.0       8.2           7.3        C      0      0     4       1
  4    68      295.000    0.000    -141.7       7.6           3.5        B      5     -1     6       1
  4    68      295.000    0.000     -29.2       7.6           3.5        G      4      0     4       1
  4    68      295.000    0.000     -20.8       7.6           3.5        F      2      0     4      -2
  4    68      295.000    0.000      25.0       9.2           8.6        F      3      1     3       2
  4    68      295.000    0.000      29.2       9.3           9.0        F      2      0     3      -1
  4    68      295.000    0.000     125.0      18.9          20.9        F      3      1     1       2
  4    69      290.000    0.000       8.3       8.6           6.2        B      5     -1     3       1
  4    69      290.000    0.000       0.0       8.3           5.4        C      0      0     4       1
  4    69      290.000    0.000      79.2      12.1          12.1        F      2      0     2       1
  4    69      290.000    0.000      29.2       9.3           7.9        F      2      0     3       1
  4    69      290.000    0.000      37.5       9.7           8.5        E      1     -1     3       1
  4    69      290.000    0.000      50.0      10.3           9.5        C      0      0     3       1
  4    69      290.000    0.000    -120.8       7.9           2.9        F      2      0     6       1
  4    69      290.000    0.000    -125.0       7.9           2.9        F      3      1     6       1
  4    69      290.000    0.000       8.3       8.6           6.2        B      5     -1     3       8
  4    70      285.000    0.000     -12.5       8.1           2.2        E      1     -1     4       2
  4    70      285.000    0.000      20.8       9.1           6.2        G      4      0     3       2
  4    70      285.000    0.000       0.0       8.6           0.2        C      0      0     4       2
  4    70      285.000    0.000       8.3       8.6           5.1        B      5     -1     3       1
  4    70      285.000    0.000     -12.5       8.1           2.2        E      1     -1     4      -3
  4    70      285.000    0.000      20.8       9.1           6.2        G      4      0     3      -2
  4    70      285.000    0.000       0.0       8.6           0.2        C      0      0     4       4
  4    71      280.000    0.000       0.0       8.5           3.2        C      0      0     4       2
  4    71      280.000    0.000      20.8       9.1           5.3        G      4      0     3       1
  4    71      280.000    0.000       8.3       8.7           4.2        B      5     -1     3       1
  4    71      280.000    0.000     -91.7       8.3           1.5        B      5     -1     5       1
  4    71      280.000    0.000    -125.0       8.3           1.5        F      3      1     6       1
  4    71      280.000    0.000     -25.0       8.3           1.5        F      3      1     4       1
  4    71      280.000    0.000     -62.5       8.3           1.5        E      1     -1     5       1
  4    71      280.000    0.000     -75.0       8.3           1.5        F      3      1     5       1
  4    71      280.000    0.000       0.0       8.5           3.2        C      0      0     4      -2
  4    71      280.000    0.000      20.8       9.1           5.3        G      4      0     3      -2
  4    71      280.000    0.000       8.3       8.7           4.2        B      5     -1     3       1
  4    71      280.000    0.000     -91.7       8.3           1.5        B      5     -1     5       2
  4    72      275.000    0.000       0.0       8.6           2.5        C      0      0     4       4
  4    72      275.000    0.000       8.3       8.8           3.4        B      5     -1     3       2
  4    72      275.000    0.000      87.5      12.6          10.2        E      1     -1     2       1
  4    72      275.000    0.000       0.0       8.6           2.5        C      0      0     4      -3
  4    72      275.000    0.000       8.3       8.8           3.4        B      5     -1     3      -2
  4    72      275.000    0.000      87.5      12.6          10.2        E      1     -1     2       4
  4    73      270.000    0.000       8.3       8.9           2.9        B      5     -1     3      16
