# ##################################################################################################### 
# Date: Mon Apr  9 17:57:58 2018 
# Input Parameters for this sequence 
#     DataFile: ../../Data/CfA_12CO_XYV.fits 
#     VMin: -150.0 
#     VMax:  150.0 
#     Divisions:  1 
#     Beats:  4 
#     NMax:  4 
#     Threshold:   0.10 
#     VWidth per Octave:   50.0 
#     Velocity Shift:     0 
#     Octave Shift:  1 
#     Mode: major 
#     Select Mode: Ordered 
#     Sequence Mode: Amplitude 
#     NumTonic: -1 
#     Interp Velocity: False 
#     Duration Mode: Amplitude 
#        Rest Probability: 0.00 
# ##################################################################################################### 
Part  Measure     X        Y        Vlsr   GalacticRadius  Distance NoteStr   Note   Alter Octave Duration
  2     1      270.000    0.000       4.2       8.7           2.4        B      6      0     4       4
  2     2      250.000    0.000      29.2      10.0           3.3        F      3      0     4       1
  2     2      250.000    0.000      54.2      11.4           5.3        B      6      0     3       1
  2     2      250.000    0.000      20.8       9.7           2.7        G      4      0     4       1
  2     2      250.000    0.000       0.0       8.9           1.2        C      0      0     5       1
  2     3      230.000    0.000      12.5       9.8           2.0        A      5      0     4       1
  2     3      230.000    0.000      70.8      14.6           7.7        G      4      0     3       1
  2     3      230.000    0.000      79.2      15.7           9.0        F      3      0     3       1
  2     3      230.000    0.000      62.5      13.7           6.7        A      5      0     3       1
  2     4      210.000    0.000       0.0       9.8           1.5        C      0      0     5       2
  2     4      210.000    0.000      79.2      31.9          24.4        F      3      0     3       1
  2     4      210.000    0.000      41.7      15.4           7.5        D      1      0     4       1
  2     5      190.000    0.000      12.5      24.3          16.0        A      5      0     4       4
  2     6      170.000    0.000     -70.8      13.9           5.6        F      3      0     6       1
  2     6      170.000    0.000     -20.8      16.0           7.7        F      3      0     5       1
  2     6      170.000    0.000      20.8       4.7           0.0        G      4      0     4       1
  2     6      170.000    0.000     -29.2      25.9          17.6        G      4      0     5       1
  2     7      150.000    0.000     -29.2      10.8           2.7        G      4      0     5       2
  2     7      150.000    0.000     -70.8      19.5          11.8        F      3      0     6       1
  2     7      150.000    0.000       4.2       7.6           0.0        B      6      0     4       1
  2     8      130.000    0.000      -8.3       8.6           0.3        D      1      0     5       2
  2     8      130.000    0.000       0.0       8.3           0.0        C      0      0     5       1
  2     8      130.000    0.000      54.2       6.4           0.0        B      6      0     3       1
  2     9      110.000    0.000     -50.0      10.5           4.1        C      0      0     6       2
  2     9      110.000    0.000     -45.8      10.3           3.7        B      6      0     5       2
  2    10       90.000    0.000     -45.8      10.1           5.7        B      6      0     5       2
  2    10       90.000    0.000       0.0       8.4           0.0        C      0      0     5       1
  2    10       90.000    0.000     -37.5       9.7           4.9        A      5      0     5       1
  2    11       70.000    0.000      12.5       7.9           2.9        A      5      0     4       2
  2    11       70.000    0.000     112.5       7.9           2.9        A      5      0     2       1
  2    11       70.000    0.000       4.2       8.1           1.1        B      6      0     4       1
  2    12       50.000    0.000      62.5       6.4           5.4        A      5      0     3       1
  2    12       50.000    0.000      50.0       6.5           6.3        C      0      0     4       1
  2    12       50.000    0.000      54.2       6.4           5.4        B      6      0     3       1
  2    12       50.000    0.000      41.7       6.7           3.4        D      1      0     4       1
  2    13       30.000    0.000     104.2       4.4           8.7        B      6      0     2       2
  2    13       30.000    0.000     100.0       4.5           9.0        C      0      0     3       2
  2    14       10.000    0.000      20.8       4.9          13.0        G      4      0     4       1
  2    14       10.000    0.000      12.5       6.4           2.1        A      5      0     4       1
  2    14       10.000    0.000      33.3       4.6           3.9        E      2      0     4       1
  2    14       10.000    0.000      29.2       4.5          12.5        F      3      0     4       1
  2    15      350.000    0.000     -58.3       3.2           5.4        D      1      0     6       1
  2    15      350.000    0.000     -66.7       3.2          11.1        E      2      0     6       1
  2    15      350.000    0.000      20.8      16.0          24.2        G      4      0     4       1
  2    15      350.000    0.000      12.5       8.3           0.2        A      5      0     4       1
  2    16      330.000    0.000     -87.5       4.8           9.8        A      5      0     6       1
  2    16      330.000    0.000     -79.2       5.0          10.0        G      4      0     6       1
  2    16      330.000    0.000     -45.8       5.8           3.2        B      6      0     5       1
  2    16      330.000    0.000     -58.3       5.6          10.9        D      1      0     6       1
  2    17      310.000    0.000     -50.0       6.5           4.4        C      0      0     6       1
  2    17      310.000    0.000     -37.5       6.9           3.0        A      5      0     5       1
  2    17      310.000    0.000     -45.8       6.6           3.8        B      6      0     5       1
  2    17      310.000    0.000     -29.2       7.2           2.3        G      4      0     5       1
  2    18      290.000    0.000       4.2       8.4           5.8        B      6      0     4       1
  2    18      290.000    0.000       0.0       8.3           5.4        C      0      0     5       1
  2    18      290.000    0.000      33.3       9.5           8.2        E      2      0     4       1
  2    18      290.000    0.000      41.7       9.9           8.9        D      1      0     4       1
  2    19      270.000    0.000       4.2       8.7           2.4        B      6      0     4       4
  2    20      250.000    0.000      29.2      10.0           3.3        F      3      0     4       1
  2    20      250.000    0.000      54.2      11.4           5.3        B      6      0     3       1
  2    20      250.000    0.000      20.8       9.7           2.7        G      4      0     4       1
  2    20      250.000    0.000       0.0       8.9           1.2        C      0      0     5       1
  2    21      230.000    0.000      12.5       9.8           2.0        A      5      0     4       1
  2    21      230.000    0.000      70.8      14.6           7.7        G      4      0     3       1
  2    21      230.000    0.000      79.2      15.7           9.0        F      3      0     3       1
  2    21      230.000    0.000      62.5      13.7           6.7        A      5      0     3       1
  2    22      210.000    0.000       0.0       9.8           1.5        C      0      0     5       2
  2    22      210.000    0.000      79.2      31.9          24.4        F      3      0     3       1
  2    22      210.000    0.000      41.7      15.4           7.5        D      1      0     4       1
  2    23      190.000    0.000      12.5      24.3          16.0        A      5      0     4       4
  2    24      170.000    0.000     -70.8      13.9           5.6        F      3      0     6       1
  2    24      170.000    0.000     -20.8      16.0           7.7        F      3      0     5       1
  2    24      170.000    0.000      20.8       4.7           0.0        G      4      0     4       1
  2    24      170.000    0.000     -29.2      25.9          17.6        G      4      0     5       1
  2    25      150.000    0.000     -29.2      10.8           2.7        G      4      0     5       2
  2    25      150.000    0.000     -70.8      19.5          11.8        F      3      0     6       1
  2    25      150.000    0.000       4.2       7.6           0.0        B      6      0     4       1
  2    26      130.000    0.000      -8.3       8.6           0.3        D      1      0     5       2
  2    26      130.000    0.000       0.0       8.3           0.0        C      0      0     5       1
  2    26      130.000    0.000      54.2       6.4           0.0        B      6      0     3       1
  2    27      110.000    0.000     -50.0      10.5           4.1        C      0      0     6       2
  2    27      110.000    0.000     -45.8      10.3           3.7        B      6      0     5       2
  2    28       90.000    0.000     -45.8      10.1           5.7        B      6      0     5       2
  2    28       90.000    0.000       0.0       8.4           0.0        C      0      0     5       1
  2    28       90.000    0.000     -37.5       9.7           4.9        A      5      0     5       1
  2    29       70.000    0.000      12.5       7.9           2.9        A      5      0     4       2
  2    29       70.000    0.000     112.5       7.9           2.9        A      5      0     2       1
  2    29       70.000    0.000       4.2       8.1           1.1        B      6      0     4       1
  2    30       50.000    0.000      62.5       6.4           5.4        A      5      0     3       1
  2    30       50.000    0.000      50.0       6.5           6.3        C      0      0     4       1
  2    30       50.000    0.000      54.2       6.4           5.4        B      6      0     3       1
  2    30       50.000    0.000      41.7       6.7           7.4        D      1      0     4       1
  2    31       30.000    0.000     104.2       4.4           8.7        B      6      0     2       2
  2    31       30.000    0.000     100.0       4.5           9.0        C      0      0     3       2
  2    32       10.000    0.000      20.8       5.5           2.9        G      4      0     4       1
  2    32       10.000    0.000      12.5       5.5          13.6        A      5      0     4       1
  2    32       10.000    0.000      33.3       4.6           3.9        E      2      0     4       1
  2    32       10.000    0.000      29.2       4.5          12.5        F      3      0     4       1
  2    33      350.000    0.000     -58.3       3.5          11.4        D      1      0     6       1
  2    33      350.000    0.000     -66.7       3.2          11.1        E      2      0     6       1
  2    33      350.000    0.000      20.8      16.0          24.2        G      4      0     4       1
  2    33      350.000    0.000      12.5       8.3           0.2        A      5      0     4       1
  2    34      330.000    0.000     -87.5       4.7           5.1        A      5      0     6       1
  2    34      330.000    0.000     -79.2       5.0          10.0        G      4      0     6       1
  2    34      330.000    0.000     -45.8       5.8           3.2        B      6      0     5       1
  2    34      330.000    0.000     -58.3       5.5           3.8        D      1      0     6       1
  2    35      310.000    0.000     -50.0       6.5           6.2        C      0      0     6       1
  2    35      310.000    0.000     -37.5       6.8           7.7        A      5      0     5       1
  2    35      310.000    0.000     -45.8       6.6           6.8        B      6      0     5       1
  2    35      310.000    0.000     -29.2       7.1           8.4        G      4      0     5       1
  2    36      290.000    0.000       4.2       8.4           5.8        B      6      0     4       1
  2    36      290.000    0.000       0.0       8.3           6.1        C      0      0     5       1
  2    36      290.000    0.000      33.3       9.5           8.2        E      2      0     4       1
  2    36      290.000    0.000      41.7       9.9           8.9        D      1      0     4       1
  2    37      270.000    0.000       4.2       8.7           2.4        B      6      0     4       4
  2    38      250.000    0.000      29.2      10.0           3.3        F      3      0     4       1
  2    38      250.000    0.000      54.2      11.4           5.3        B      6      0     3       1
  2    38      250.000    0.000      20.8       9.7           2.7        G      4      0     4       1
  2    38      250.000    0.000       0.0       8.9           1.2        C      0      0     5       1
  2    39      230.000    0.000      12.5       9.8           2.0        A      5      0     4       1
  2    39      230.000    0.000      70.8      14.6           7.7        G      4      0     3       1
  2    39      230.000    0.000      79.2      15.7           9.0        F      3      0     3       1
  2    39      230.000    0.000      62.5      13.7           6.7        A      5      0     3       1
  2    40      210.000    0.000       0.0       9.8           1.5        C      0      0     5       2
  2    40      210.000    0.000      79.2      31.9          24.4        F      3      0     3       1
  2    40      210.000    0.000      41.7      15.4           7.5        D      1      0     4       1
  2    41      190.000    0.000      12.5      24.3          16.0        A      5      0     4       4
  2    42      170.000    0.000     -70.8      13.9           5.6        F      3      0     6       1
  2    42      170.000    0.000     -20.8      16.0           7.7        F      3      0     5       1
  2    42      170.000    0.000      20.8       4.7           0.0        G      4      0     4       1
  2    42      170.000    0.000     -29.2      25.9          17.6        G      4      0     5       1
  2    43      150.000    0.000     -29.2      10.8           2.7        G      4      0     5       2
  2    43      150.000    0.000     -70.8      19.5          11.8        F      3      0     6       1
  2    43      150.000    0.000       4.2       7.6           0.0        B      6      0     4       1
  2    44      130.000    0.000      -8.3       8.6           0.3        D      1      0     5       2
  2    44      130.000    0.000       0.0       8.3           0.0        C      0      0     5       1
  2    44      130.000    0.000      54.2       6.4           0.0        B      6      0     3       1
  2    45      110.000    0.000     -50.0      10.5           4.1        C      0      0     6       2
  2    45      110.000    0.000     -45.8      10.3           3.7        B      6      0     5       2
  2    46       90.000    0.000     -45.8      10.1           5.7        B      6      0     5       2
  2    46       90.000    0.000       0.0       8.4           0.0        C      0      0     5       1
  2    46       90.000    0.000     -37.5       9.7           4.9        A      5      0     5       1
  2    47       70.000    0.000      12.5       7.9           2.9        A      5      0     4       2
  2    47       70.000    0.000     112.5       7.9           2.9        A      5      0     2       1
  2    47       70.000    0.000       4.2       8.1           1.1        B      6      0     4       1
  2    48       50.000    0.000      62.5       6.4           5.4        A      5      0     3       1
  2    48       50.000    0.000      50.0       6.5           6.3        C      0      0     4       1
  2    48       50.000    0.000      54.2       6.4           5.4        B      6      0     3       1
  2    48       50.000    0.000      41.7       6.7           7.4        D      1      0     4       1
  2    49       30.000    0.000     104.2       4.4           5.8        B      6      0     2       2
  2    49       30.000    0.000     100.0       4.5           5.6        C      0      0     3       2
  2    50       10.000    0.000      20.8       4.9          13.0        G      4      0     4       1
  2    50       10.000    0.000      12.5       5.5          13.6        A      5      0     4       1
  2    50       10.000    0.000      33.3       4.3          12.3        E      2      0     4       1
  2    50       10.000    0.000      29.2       4.5          12.5        F      3      0     4       1
  2    51      350.000    0.000     -58.3       3.5          11.4        D      1      0     6       1
  2    51      350.000    0.000     -66.7       3.2          11.1        E      2      0     6       1
  2    51      350.000    0.000      20.8      16.0          24.2        G      4      0     4       1
  2    51      350.000    0.000      12.5      11.6          19.8        A      5      0     4       1
  2    52      330.000    0.000     -87.5       4.8           9.8        A      5      0     6       1
  2    52      330.000    0.000     -79.2       5.0          10.0        G      4      0     6       1
  2    52      330.000    0.000     -45.8       6.0          11.5        B      6      0     5       1
  2    52      330.000    0.000     -58.3       5.6          10.9        D      1      0     6       1
  2    53      310.000    0.000     -50.0       6.5           4.4        C      0      0     6       1
  2    53      310.000    0.000     -37.5       6.9           3.0        A      5      0     5       1
  2    53      310.000    0.000     -45.8       6.6           6.8        B      6      0     5       1
  2    53      310.000    0.000     -29.2       7.1           8.4        G      4      0     5       1
  2    54      290.000    0.000       4.2       8.4           5.8        B      6      0     4       1
  2    54      290.000    0.000       0.0       8.3           5.4        C      0      0     5       1
  2    54      290.000    0.000      33.3       9.5           8.2        E      2      0     4       1
  2    54      290.000    0.000      41.7       9.9           8.9        D      1      0     4       1
  2    55      270.000    0.000       4.2       8.7           2.4        B      6      0     4       4
  2    56      250.000    0.000      29.2      10.0           3.3        F      3      0     4       1
  2    56      250.000    0.000      54.2      11.4           5.3        B      6      0     3       1
  2    56      250.000    0.000      20.8       9.7           2.7        G      4      0     4       1
  2    56      250.000    0.000       0.0       8.9           1.2        C      0      0     5       1
  2    57      230.000    0.000      12.5       9.8           2.0        A      5      0     4       1
  2    57      230.000    0.000      70.8      14.6           7.7        G      4      0     3       1
  2    57      230.000    0.000      79.2      15.7           9.0        F      3      0     3       1
  2    57      230.000    0.000      62.5      13.7           6.7        A      5      0     3       1
  2    58      210.000    0.000       0.0       9.8           1.5        C      0      0     5       2
  2    58      210.000    0.000      79.2      31.9          24.4        F      3      0     3       1
  2    58      210.000    0.000      41.7      15.4           7.5        D      1      0     4       1
  2    59      190.000    0.000      12.5      24.3          16.0        A      5      0     4       4
  2    60      170.000    0.000     -70.8      13.9           5.6        F      3      0     6       1
  2    60      170.000    0.000     -20.8      16.0           7.7        F      3      0     5       1
  2    60      170.000    0.000      20.8       4.7           0.0        G      4      0     4       1
  2    60      170.000    0.000     -29.2      25.9          17.6        G      4      0     5       1
  2    61      150.000    0.000     -29.2      10.8           2.7        G      4      0     5       2
  2    61      150.000    0.000     -70.8      19.5          11.8        F      3      0     6       1
  2    61      150.000    0.000       4.2       7.6           0.0        B      6      0     4       1
  2    62      130.000    0.000      -8.3       8.6           0.3        D      1      0     5       2
  2    62      130.000    0.000       0.0       8.3           0.0        C      0      0     5       1
  2    62      130.000    0.000      54.2       6.4           0.0        B      6      0     3       1
  2    63      110.000    0.000     -50.0      10.5           4.1        C      0      0     6       2
  2    63      110.000    0.000     -45.8      10.3           3.7        B      6      0     5       2
  2    64       90.000    0.000     -45.8      10.1           5.7        B      6      0     5       2
  2    64       90.000    0.000       0.0       8.4           0.0        C      0      0     5       1
  2    64       90.000    0.000     -37.5       9.7           4.9        A      5      0     5       1
  2    65       70.000    0.000      12.5       7.9           2.9        A      5      0     4       2
  2    65       70.000    0.000     112.5       7.9           2.9        A      5      0     2       1
  2    65       70.000    0.000       4.2       8.1           4.6        B      6      0     4       1
  2    66       50.000    0.000      62.5       6.4           5.4        A      5      0     3       1
  2    66       50.000    0.000      50.0       6.5           4.5        C      0      0     4       1
  2    66       50.000    0.000      54.2       6.4           5.4        B      6      0     3       1
  2    66       50.000    0.000      41.7       6.7           3.4        D      1      0     4       1
  2    67       30.000    0.000     104.2       4.4           5.8        B      6      0     2       2
  2    67       30.000    0.000     100.0       4.5           9.0        C      0      0     3       2
  2    68       10.000    0.000      20.8       4.9          13.0        G      4      0     4       1
  2    68       10.000    0.000      12.5       5.5          13.6        A      5      0     4       1
  2    68       10.000    0.000      33.3       4.6           3.9        E      2      0     4       1
  2    68       10.000    0.000      29.2       4.9           3.6        F      3      0     4       1
  2    69      350.000    0.000     -58.3       3.2           5.4        D      1      0     6       1
  2    69      350.000    0.000     -66.7       3.0           5.7        E      2      0     6       1
  2    69      350.000    0.000      20.8      16.0          24.2        G      4      0     4       1
  2    69      350.000    0.000      12.5       8.3           0.2        A      5      0     4       1
  2    70      330.000    0.000     -87.5       4.7           5.1        A      5      0     6       1
  2    70      330.000    0.000     -79.2       5.0          10.0        G      4      0     6       1
  2    70      330.000    0.000     -45.8       5.8           3.2        B      6      0     5       1
  2    70      330.000    0.000     -58.3       5.5           3.8        D      1      0     6       1
  2    71      310.000    0.000     -50.0       6.5           6.2        C      0      0     6       1
  2    71      310.000    0.000     -37.5       6.8           7.7        A      5      0     5       1
  2    71      310.000    0.000     -45.8       6.6           3.8        B      6      0     5       1
  2    71      310.000    0.000     -29.2       7.1           8.4        G      4      0     5       1
  2    72      290.000    0.000       4.2       8.4           5.8        B      6      0     4       1
  2    72      290.000    0.000       0.0       8.3           6.1        C      0      0     5       1
  2    72      290.000    0.000      33.3       9.5           8.2        E      2      0     4       1
  2    72      290.000    0.000      41.7       9.9           8.9        D      1      0     4       1
  2    73      270.000    0.000       4.2       8.7           2.4        B      6      0     4       4
