# ##################################################################################################### 
# Date: Mon Apr  9 18:02:36 2018 
# Input Parameters for this sequence 
#     DataFile: ../../Data/RRL_cube.fits 
#     VMin: -150.0 
#     VMax:  150.0 
#     Divisions:  2 
#     Beats:  4 
#     NMax:  8 
#     Threshold:   0.10 
#     VWidth per Octave:   50.0 
#     Velocity Shift:     0 
#     Octave Shift:  0 
#     Mode: blues6_minor 
#     Select Mode: Ordered 
#     Sequence Mode: Amplitude 
#     NumTonic: -1 
#     Interp Velocity: False 
#     Duration Mode: Amplitude 
#        Rest Probability: 0.30 
# ##################################################################################################### 
Part  Measure     X        Y        Vlsr   GalacticRadius  Distance NoteStr   Note   Alter Octave Duration
  3     1      270.000    0.000    -999.0    -999.0        -999.0     null      0      0     0      -8
  3     2      255.000    0.000    -999.0    -999.0        -999.0     null      0      0     0      -8
  3     3      240.000    0.000    -999.0    -999.0        -999.0     null      0      0     0      -8
  3     4      225.000    0.000    -999.0    -999.0        -999.0     null      0      0     0      -8
  3     5      210.000    0.000     -12.5       8.8           0.4        E      1     -1     4       4
  3     5      210.000    0.000      20.8      11.9           3.9        G      4      0     3       2
  3     5      210.000    0.000     -12.5       8.8           0.4        E      1     -1     4       2
  3     6      195.000    0.000      20.8      19.5          11.3        G      4      0     3       4
  3     6      195.000    0.000     -12.5       9.1           0.7        E      1     -1     4       2
  3     6      195.000    0.000      20.8      19.5          11.3        G      4      0     3       2
  3     7      180.000    0.000       0.0       8.5           0.0        C      0      0     4       8
  3     8      165.000    0.000    -999.0    -999.0        -999.0     null      0      0     0      -8
  3     9      150.000    0.000     -25.0      10.3           2.2        F      3      1     4       4
  3     9      150.000    0.000     -12.5       9.2           0.9        E      1     -1     4       2
  3     9      150.000    0.000     -25.0      10.3           2.2        F      3      1     4       2
  3    10      135.000    0.000     -41.7      10.8           3.1        B      5     -1     4       8
  3    11      120.000    0.000    -999.0    -999.0        -999.0     null      0      0     0      -8
  3    12      105.000    0.000     -29.2       9.4           2.6        G      4      0     4       8
  3    13       90.000    0.000    -999.0    -999.0        -999.0     null      0      0     0      -8
  3    14       75.000    0.000     -25.0       9.2           6.5        F      3      1     4       4
  3    14       75.000    0.000       0.0       8.2           3.6        C      0      0     4       1
  3    14       75.000    0.000      20.8       8.1           2.2        G      4      0     3       1
  3    14       75.000    0.000     -25.0       9.2           6.5        F      3      1     4       2
  3    15       60.000    0.000      29.2       7.3           4.2        F      2      0     3       4
  3    15       60.000    0.000      37.5       7.3           4.2        E      1     -1     3       2
  3    15       60.000    0.000       0.0       8.2           8.1        C      0      0     4       1
  3    15       60.000    0.000      29.2       7.3           4.2        F      2      0     3       1
  3    16       45.000    0.000      20.8       7.3          10.3        G      4      0     3       2
  3    16       45.000    0.000      70.8       5.9           5.9        G      4      0     2       2
  3    16       45.000    0.000      29.2       7.0           9.7        F      2      0     3       1
  3    16       45.000    0.000      58.3       6.2           4.3        B      5     -1     2       1
  3    16       45.000    0.000      20.8       7.3          10.3        G      4      0     3       2
  3    17       30.000    0.000     108.3       4.4           6.1        B      5     -1     1       2
  3    17       30.000    0.000      50.0       6.3          12.0        C      0      0     3       1
  3    17       30.000    0.000      37.5       6.3           2.6        E      1     -1     3       1
  3    17       30.000    0.000     100.0       4.5           9.0        C      0      0     2       1
  3    17       30.000    0.000     120.8       4.2           7.3        G      4      0     1       1
  3    17       30.000    0.000     108.3       4.4           6.1        B      5     -1     1       2
  3    18       15.000    0.000      50.0       4.6           4.1        C      0      0     3       2
  3    18       15.000    0.000      58.3       4.3           4.4        B      5     -1     2       2
  3    18       15.000    0.000      29.2       5.5          13.1        F      2      0     3       1
  3    18       15.000    0.000      20.8       6.2           2.3        G      4      0     3       1
  3    18       15.000    0.000      37.5       5.2           3.4        E      1     -1     3       1
  3    18       15.000    0.000      70.8       3.9          11.4        G      4      0     2       1
  3    19        0.000    0.000       8.3       8.5           0.0        B      5     -1     3       2
  3    19        0.000    0.000       0.0       8.5           0.0        C      0      0     4       1
  3    19        0.000    0.000     -12.5      10.0           1.5        E      1     -1     4       1
  3    19        0.000    0.000      29.2       0.0           8.5        F      2      0     3       1
  3    19        0.000    0.000      20.8       0.0           8.5        G      4      0     3       1
  3    19        0.000    0.000      70.8       0.0           8.5        G      4      0     2       1
  3    19        0.000    0.000     120.8       0.0           8.5        G      4      0     1       1
  3    20      345.000    0.000     -25.0       5.9          13.6        F      3      1     4       2
  3    20      345.000    0.000     -70.8       3.9          11.3        F      2      0     5       2
  3    20      345.000    0.000       0.0       7.1           1.4        C      0      0     4       1
  3    20      345.000    0.000     -62.5       3.9           4.9        E      1     -1     5       1
  3    20      345.000    0.000    -100.0       3.2          10.4        C      0      0     6       1
  3    20      345.000    0.000     -79.2       3.6          11.0        G      4      0     5       1
  3    21      330.000    0.000     -70.8       5.1           4.3        F      2      0     5       2
  3    21      330.000    0.000     -50.0       5.7           3.4        C      0      0     5       1
  3    21      330.000    0.000     -79.2       5.0          10.0        G      4      0     5       1
  3    21      330.000    0.000     -62.5       5.4          10.7        E      1     -1     5       1
  3    21      330.000    0.000     -29.2       6.4           2.4        G      4      0     4       1
  3    21      330.000    0.000     -70.8       5.1           4.3        F      2      0     5       2
  3    22      315.000    0.000      20.8       9.3          13.2        G      4      0     3       4
  3    22      315.000    0.000     -50.0       6.4           8.3        C      0      0     5       4
  3    23      300.000    0.000     -29.2       7.3           4.5        G      4      0     4       8
  3    24      285.000    0.000      50.0      10.3           8.6        C      0      0     3       4
  3    24      285.000    0.000     -12.5       8.1           2.2        E      1     -1     4       2
  3    24      285.000    0.000      50.0      10.3           8.6        C      0      0     3       2
  3    25      265.000    0.000    -999.0    -999.0        -999.0     null      0      0     0      -8
  3    26      250.000    0.000    -999.0    -999.0        -999.0     null      0      0     0      -8
  3    27      235.000    0.000    -999.0    -999.0        -999.0     null      0      0     0      -8
  3    28      220.000    0.000       0.0       9.4           1.3        C      0      0     4       8
  3    29      205.000    0.000    -999.0    -999.0        -999.0     null      0      0     0      -8
  3    30      190.000    0.000    -999.0    -999.0        -999.0     null      0      0     0      -8
  3    31      175.000    0.000    -999.0    -999.0        -999.0     null      0      0     0      -8
  3    32      160.000    0.000    -999.0    -999.0        -999.0     null      0      0     0      -8
  3    33      145.000    0.000    -999.0    -999.0        -999.0     null      0      0     0      -8
  3    34      130.000    0.000    -999.0    -999.0        -999.0     null      0      0     0      -8
  3    35      115.000    0.000     -29.2       9.5           2.1        G      4      0     4       8
  3    36      100.000    0.000    -999.0    -999.0        -999.0     null      0      0     0      -8
  3    37       85.000    0.000    -999.0    -999.0        -999.0     null      0      0     0      -8
  3    38       70.000    0.000    -999.0    -999.0        -999.0     null      0      0     0      -8
  3    39       55.000    0.000       8.3       7.9           8.7        B      5     -1     3       2
  3    39       55.000    0.000      50.0       6.9           4.8        C      0      0     3       2
  3    39       55.000    0.000      37.5       6.9           5.7        E      1     -1     3       1
  3    39       55.000    0.000       0.0       8.2           9.3        C      0      0     4       1
  3    39       55.000    0.000       8.3       7.9           0.9        B      5     -1     3       2
  3    40       40.000    0.000      70.8       5.7           8.2        G      4      0     2       4
  3    40       40.000    0.000      75.0       5.6           5.1        F      3      1     2       1
  3    40       40.000    0.000      37.5       6.6           2.6        E      1     -1     3       1
  3    40       40.000    0.000      70.8       5.7           8.2        G      4      0     2       2
  3    41       25.000    0.000     125.0       3.7           8.7        F      3      1     1       1
  3    41       25.000    0.000     108.3       4.3          10.1        B      5     -1     1       1
  3    41       25.000    0.000     100.0       4.5          10.4        C      0      0     2       1
  3    41       25.000    0.000      37.5       6.0           2.7        E      1     -1     3       1
  3    41       25.000    0.000      70.8       4.9           4.3        G      4      0     2       1
  3    41       25.000    0.000     120.8       3.8           6.3        G      4      0     1       1
  3    41       25.000    0.000      50.0       5.6           3.3        C      0      0     3       1
  3    41       25.000    0.000     125.0       3.7           8.7        F      3      1     1       1
  3    42       10.000    0.000       8.3       6.9           1.5        B      5     -1     3       4
  3    42       10.000    0.000      29.2       4.5          12.5        F      2      0     3       2
  3    42       10.000    0.000      50.0       3.8           4.8        C      0      0     3       1
  3    42       10.000    0.000       8.3       6.9           1.5        B      5     -1     3       1
  3    43      355.000    0.000      20.8     251.6         259.9        G      4      0     3       4
  3    43      355.000    0.000     -25.0       3.8          12.1        F      3      1     4       1
  3    43      355.000    0.000       0.0       8.1          16.5        C      0      0     4       1
  3    43      355.000    0.000     -62.5       2.1          10.3        E      1     -1     5       1
  3    43      355.000    0.000     120.8       2.2           6.3        G      4      0     1       1
  3    44      340.000    0.000     -29.2       6.1          13.3        G      4      0     4       4
  3    44      340.000    0.000     -12.5       7.1          14.4        E      1     -1     4       2
  3    44      340.000    0.000     -29.2       5.7           3.0        G      4      0     4       2
  3    45      325.000    0.000     -29.2       6.8          11.7        G      4      0     4       4
  3    45      325.000    0.000     -50.0       6.0           3.3        C      0      0     5       2
  3    45      325.000    0.000     -29.2       6.8          11.7        G      4      0     4       2
  3    46      310.000    0.000     -41.7       6.7           7.3        B      5     -1     4       2
  3    46      310.000    0.000     -50.0       6.5           4.4        C      0      0     5       2
  3    46      310.000    0.000      50.0      11.2          14.6        C      0      0     3       1
  3    46      310.000    0.000     -29.2       7.2           2.3        G      4      0     4       1
  3    46      310.000    0.000     -41.7       6.7           7.3        B      5     -1     4       2
  3    47      295.000    0.000      20.8       9.0           8.3        G      4      0     3       8
  3    48      280.000    0.000       0.0       8.5           3.2        C      0      0     4       8
  3    49      260.000    0.000    -999.0    -999.0        -999.0     null      0      0     0      -8
  3    50      245.000    0.000    -999.0    -999.0        -999.0     null      0      0     0      -8
  3    51      230.000    0.000      50.0      12.5           5.3        C      0      0     3       4
  3    51      230.000    0.000      70.8      14.6           7.7        G      4      0     2       4
  3    52      215.000    0.000    -999.0    -999.0        -999.0     null      0      0     0      -8
  3    53      200.000    0.000    -999.0    -999.0        -999.0     null      0      0     0      -8
  3    54      185.000    0.000    -999.0    -999.0        -999.0     null      0      0     0      -8
  3    55      170.000    0.000    -999.0    -999.0        -999.0     null      0      0     0      -8
  3    56      155.000    0.000    -999.0    -999.0        -999.0     null      0      0     0      -8
  3    57      140.000    0.000    -999.0    -999.0        -999.0     null      0      0     0      -8
  3    58      125.000    0.000    -999.0    -999.0        -999.0     null      0      0     0      -8
  3    59      110.000    0.000     -41.7      10.1           3.4        B      5     -1     4       8
  3    60       95.000    0.000     -91.7      13.2           9.5        B      5     -1     5       8
  3    61       80.000    0.000       8.3       8.3           1.5        B      5     -1     3       8
  3    62       65.000    0.000    -999.0    -999.0        -999.0     null      0      0     0      -8
  3    63       50.000    0.000      50.0       6.5           4.5        C      0      0     3       4
  3    63       50.000    0.000      87.5       6.4           5.4        E      1     -1     2       2
  3    63       50.000    0.000      50.0       6.5           6.3        C      0      0     3       2
  3    64       35.000    0.000      58.3       5.8          10.1        B      5     -1     2       4
  3    64       35.000    0.000      70.8       5.5           9.5        G      4      0     2       1
  3    64       35.000    0.000      87.5       5.1           5.3        E      1     -1     2       1
  3    64       35.000    0.000      58.3       5.8          10.1        B      5     -1     2       2
  3    65       20.000    0.000      75.0       4.3           4.6        F      3      1     2       1
  3    65       20.000    0.000      29.2       6.1           2.5        F      2      0     3       1
  3    65       20.000    0.000      58.3       4.9           4.0        B      5     -1     2       1
  3    65       20.000    0.000      37.5       5.7           3.0        E      1     -1     3       1
  3    65       20.000    0.000      87.5       4.0           5.1        E      1     -1     2       1
  3    65       20.000    0.000      50.0       5.3          12.4        C      0      0     3       1
  3    65       20.000    0.000     100.0       3.8           5.5        C      0      0     2       1
  3    65       20.000    0.000      70.8       4.5           4.5        G      4      0     2       1
  3    66        5.000    0.000      20.8       3.3          11.6        G      4      0     3       2
  3    66        5.000    0.000      29.2       2.9          11.2        F      2      0     3       2
  3    66        5.000    0.000      37.5       2.6          10.8        E      1     -1     3       1
  3    66        5.000    0.000      20.8       4.2           4.2        G      4      0     3       1
  3    66        5.000    0.000      29.2       2.9          11.2        F      2      0     3       2
  3    67      350.000    0.000       0.0       6.4           2.0        C      0      0     4       4
  3    67      350.000    0.000       8.3       7.5           0.9        B      5     -1     3       1
  3    67      350.000    0.000     -12.5       5.3           3.2        E      1     -1     4       1
  3    67      350.000    0.000       0.0       8.2          16.3        C      0      0     4       2
  3    68      335.000    0.000     -41.7       5.9          12.3        B      5     -1     4       4
  3    68      335.000    0.000     -79.2       4.6           4.7        G      4      0     5       1
  3    68      335.000    0.000     -70.8       4.9          10.9        F      2      0     5       1
  3    68      335.000    0.000     -50.0       5.5          11.9        C      0      0     5       1
  3    68      335.000    0.000     -41.7       5.9          12.3        B      5     -1     4       1
  3    69      320.000    0.000     -50.0       6.2           3.4        C      0      0     5       4
  3    69      320.000    0.000       0.0       8.1           0.4        C      0      0     4       2
  3    69      320.000    0.000     -50.0       6.2           3.4        C      0      0     5       2
  3    70      305.000    0.000     -25.0       7.3           7.2        F      3      1     4       2
  3    70      305.000    0.000     -29.2       7.2           6.8        G      4      0     4       2
  3    70      305.000    0.000       0.0       8.4           0.0        C      0      0     4       1
  3    70      305.000    0.000     -50.0       6.9           4.8        C      0      0     5       1
  3    70      305.000    0.000     -25.0       7.3           7.2        F      3      1     4       2
  3    71      290.000    0.000     -25.0       7.9           2.9        F      3      1     4       2
  3    71      290.000    0.000      20.8       9.0           7.2        G      4      0     3       2
  3    71      290.000    0.000     -12.5       8.1           1.3        E      1     -1     4       1
  3    71      290.000    0.000     -25.0       7.9           2.9        F      3      1     4       1
  3    71      290.000    0.000      20.8       9.0           7.2        G      4      0     3       2
  3    72      275.000    0.000    -999.0    -999.0        -999.0     null      0      0     0      -8
  3    73      260.000    0.000    -999.0    -999.0        -999.0     null      0      0     0      -8
